Generation 1
pid and points
[[1.80000000e+01 7.61368508e-01 5.00794036e-01 3.27662504e-01 5.53022924e-01]
 [1.10000000e+01 5.44197920e-01 5.82533820e-01 6.09798077e-01 8.69845252e-01]
 [3.00000000e+00 3.39637954e-01 6.78246335e-02 2.92308547e-01 8.05677158e-01]
 [1.00000000e+01 8.48997783e-02 1.46726380e-01 3.38119136e-01 6.26240150e-01]
 [2.00000000e+01 4.33213066e-01 5.44510571e-01 9.00593763e-01 6.26590900e-01]
 [2.00000000e+00 5.92320706e-01 4.77134244e-01 4.28566245e-01 3.22125327e-01]
 [4.00000000e+00 8.58998036e-01 8.14590996e-01 5.46262281e-01 2.18514371e-01]
 [1.20000000e+01 3.48744294e-01 3.88870512e-01 6.39967031e-01 5.15019943e-01]
 [9.00000000e+00 5.74029331e-01 6.84878450e-01 7.47209155e-01 3.50837987e-01]
 [1.60000000e+01 1.91332848e-01 7.87790877e-01 8.27097294e-01 4.18512344e-01]
 [7.00000000e+00 4.89515029e-01 2.90664208e-01 5.50548583e-01 2.71902315e-01]
 [1.50000000e+01 7.58437183e-01 4.72373380e-01 7.31068847e-01 2.28294598e-01]
 [8.00000000e+00 4.16142892e-01 1.91666450e-01 4.32118934e-01 1.98665368e-01]
 [1.40000000e+01 1.76833224e-01 2.42022732e-01 5.93179096e-01 3.23269032e-01]
 [1.70000000e+01 9.90317422e-01 9.84335063e-01 1.08712320e-01 1.64812945e-04]
 [1.90000000e+01 8.72584314e-01 8.84130878e-01 3.54019142e-01 9.40205825e-02]
 [1.00000000e+00 1.84110505e-01 4.25819013e-01 1.30058275e-01 8.45638106e-02]
 [6.00000000e+00 3.26002510e-01 6.82959129e-02 6.89071028e-01 1.61199398e-01]
 [5.00000000e+00 3.40684968e-01 8.01860897e-01 3.03522971e-01 3.15489571e-02]
 [1.30000000e+01 5.64332818e-01 2.90554948e-01 8.20061001e-01 6.88935151e-02]]
parameters
[[4.04547403e+07 5.50714633e-18 1.02936375e-18 3.21209170e-06]
 [3.17679168e+07 6.24280438e-18 1.22685865e-18 4.47938101e-06]
 [2.35855182e+07 1.61042170e-18 1.00461598e-18 4.22270863e-06]
 [1.33959911e+07 2.32053742e-18 1.03668340e-18 3.50496060e-06]
 [2.73285226e+07 5.90059514e-18 1.43041563e-18 3.50636360e-06]
 [3.36928282e+07 5.29420819e-18 1.09999637e-18 2.28850131e-06]
 [4.43599214e+07 8.33131896e-18 1.18238360e-18 1.87405748e-06]
 [2.39497718e+07 4.49983460e-18 1.24797692e-18 3.06007977e-06]
 [3.29611732e+07 7.16390605e-18 1.32304641e-18 2.40335195e-06]
 [1.76533139e+07 8.09011789e-18 1.37896811e-18 2.67404937e-06]
 [2.95806012e+07 3.61597787e-18 1.18538401e-18 2.08760926e-06]
 [4.03374873e+07 5.25136042e-18 1.31174819e-18 1.91317839e-06]
 [2.66457157e+07 2.72499805e-18 1.10248325e-18 1.79466147e-06]
 [1.70733290e+07 3.17820459e-18 1.21522537e-18 2.29307613e-06]
 [4.96126969e+07 9.85901557e-18 8.76098624e-19 1.00065925e-06]
 [4.49033726e+07 8.95717790e-18 1.04781340e-18 1.37608233e-06]
 [1.73644202e+07 4.83237112e-18 8.91040793e-19 1.33825524e-06]
 [2.30401004e+07 1.61466322e-18 1.28234972e-18 1.64479759e-06]
 [2.36273987e+07 8.21674808e-18 1.01246608e-18 1.12619583e-06]
 [3.25733127e+07 3.61499453e-18 1.37404270e-18 1.27557406e-06]]
fitnesses
[ 70.56333424  81.17028426  31.57973689  69.83387945  89.04018524  61.33322913 118.86271178  46.84004275  99.13765772  37.46115816  59.93504765 127.58654564  33.96143012  37.83825589  44.07755786  85.12608941  86.08479082  41.70851346  40.14304643  95.0182616 ]
velocities
[[-5.84379142e-01 -5.91609546e-01  5.81973507e-01  5.72095016e-04]
 [-3.48126191e-01 -3.85557099e-01 -3.60220288e-01 -4.28432492e-01]
 [ 1.43822637e-01 -5.73981171e-01  9.20857884e-01 -4.49917301e-01]
 [ 2.57904486e-02  2.50534661e-01  2.20640353e-01  2.44245860e-02]
 [ 8.52021930e-01  9.61784318e-01 -7.80556659e-01 -5.74366416e-01]
 [ 8.84765551e-01  9.75243760e-01 -5.61976079e-01  1.20957960e-01]
 [-5.88576336e-01 -1.79359758e-01  6.31409393e-01  4.93644975e-01]
 [ 4.89511294e-01 -1.01923896e-01 -5.88349592e-01 -9.78446361e-01]
 [ 6.06080929e-02  9.68870208e-02 -5.08607574e-01  8.79366998e-01]
 [ 2.45586130e-01 -1.47266829e-01  2.53782815e-02 -9.46843034e-02]
 [-7.74944394e-01 -5.10228509e-01 -3.52342807e-01 -4.20468481e-01]
 [ 9.38027210e-01  6.30913912e-01 -5.43721424e-01 -3.24355544e-01]
 [ 5.76260769e-01 -9.17459576e-01  8.45169176e-01 -6.27502565e-02]
 [-5.68768490e-01  3.02048291e-01 -3.12323092e-01  6.89008126e-01]
 [ 1.11183367e-01 -5.63045732e-01  2.12166254e-01 -8.87135039e-01]
 [ 7.12871469e-01 -8.34110507e-01  3.63064877e-02  5.14077094e-01]
 [-2.49220328e-01  7.38262234e-01  7.86387193e-02  9.18432298e-01]
 [-1.15725355e-02  3.81745299e-01  5.51914314e-01  3.74109276e-01]
 [-8.65246431e-01 -3.08757211e-01  2.28246668e-02 -6.72470485e-01]
 [-8.74004729e-01  3.34194169e-01 -3.24609784e-01  5.27879040e-01]]
local Best
[ 70.56333424  81.17028426  31.57973689  69.83387945  89.04018524  61.33322913 118.86271178  46.84004275  99.13765772  37.46115816  59.93504765 127.58654564  33.96143012  37.83825589  44.07755786  85.12608941  86.08479082  41.70851346  40.14304643  95.0182616 ]
posPBest
[[7.61368508e-01 5.00794036e-01 3.27662504e-01 5.53022924e-01]
 [5.44197920e-01 5.82533820e-01 6.09798077e-01 8.69845252e-01]
 [3.39637954e-01 6.78246335e-02 2.92308547e-01 8.05677158e-01]
 [8.48997783e-02 1.46726380e-01 3.38119136e-01 6.26240150e-01]
 [4.33213066e-01 5.44510571e-01 9.00593763e-01 6.26590900e-01]
 [5.92320706e-01 4.77134244e-01 4.28566245e-01 3.22125327e-01]
 [8.58998036e-01 8.14590996e-01 5.46262281e-01 2.18514371e-01]
 [3.48744294e-01 3.88870512e-01 6.39967031e-01 5.15019943e-01]
 [5.74029331e-01 6.84878450e-01 7.47209155e-01 3.50837987e-01]
 [1.91332848e-01 7.87790877e-01 8.27097294e-01 4.18512344e-01]
 [4.89515029e-01 2.90664208e-01 5.50548583e-01 2.71902315e-01]
 [7.58437183e-01 4.72373380e-01 7.31068847e-01 2.28294598e-01]
 [4.16142892e-01 1.91666450e-01 4.32118934e-01 1.98665368e-01]
 [1.76833224e-01 2.42022732e-01 5.93179096e-01 3.23269032e-01]
 [9.90317422e-01 9.84335063e-01 1.08712320e-01 1.64812945e-04]
 [8.72584314e-01 8.84130878e-01 3.54019142e-01 9.40205825e-02]
 [1.84110505e-01 4.25819013e-01 1.30058275e-01 8.45638106e-02]
 [3.26002510e-01 6.82959129e-02 6.89071028e-01 1.61199398e-01]
 [3.40684968e-01 8.01860897e-01 3.03522971e-01 3.15489571e-02]
 [5.64332818e-01 2.90554948e-01 8.20061001e-01 6.88935151e-02]]
gBest
31.579736894240902
posGBest
[0.33963795 0.06782463 0.29230855 0.80567716] corresponding parameters:[2.35855182e+07 1.61042170e-18 1.00461598e-18 4.22270863e-06]
##################################################
Generation 2
pid and points
[[1.50000000e+01 1.00000000e+00 6.04543741e-01 0.00000000e+00 6.08665486e-01]
 [2.00000000e+00 7.73135711e-01 5.29368334e-01 0.00000000e+00 9.29450757e-01]
 [7.00000000e+00 0.00000000e+00 0.00000000e+00 0.00000000e+00 6.51789240e-01]
 [9.00000000e+00 4.67630490e-01 3.46125721e-01 0.00000000e+00 1.00000000e+00]
 [1.30000000e+01 0.00000000e+00 1.82253899e-01 0.00000000e+00 1.00000000e+00]
 [1.60000000e+01 6.10197801e-01 0.00000000e+00 1.63875052e-01 8.27687073e-01]
 [1.40000000e+01 0.00000000e+00 4.30587951e-01 2.03529582e-01 1.00000000e+00]
 [1.00000000e+01 4.68269610e-01 2.21826217e-01 4.38092561e-01 9.00977223e-01]
 [2.00000000e+01 1.00000000e+00 1.00000000e+00 8.26396175e-03 1.93038200e-01]
 [1.90000000e+01 1.00000000e+00 1.41976497e-01 3.80228020e-01 5.64495307e-01]
 [1.10000000e+01 1.17947721e-01 0.00000000e+00 1.02111547e-01 4.63370911e-01]
 [1.00000000e+00 1.69544051e-01 6.20397536e-01 4.46179556e-01 1.00000000e+00]
 [1.80000000e+01 5.22426807e-02 0.00000000e+00 6.01761950e-01 7.93083987e-01]
 [5.00000000e+00 0.00000000e+00 0.00000000e+00 3.04383431e-01 5.19818076e-01]
 [3.00000000e+00 4.34966635e-01 0.00000000e+00 9.02672597e-01 5.07462470e-01]
 [8.00000000e+00 8.41006242e-01 0.00000000e+00 1.00000000e+00 5.39039163e-01]
 [6.00000000e+00 3.22050865e-01 3.28371621e-01 9.50728901e-01 6.02270288e-01]
 [4.00000000e+00 4.62498218e-01 6.28572527e-01 8.81766116e-01 5.67853033e-01]
 [1.20000000e+01 6.31260292e-01 2.62836203e-01 2.25775730e-01 7.02337875e-03]
 [1.70000000e+01 6.36809861e-01 0.00000000e+00 4.31814749e-01 0.00000000e+00]]
parameters
[[5.00000000e+07 6.44089367e-18 8.00000000e-19 3.43466194e-06]
 [4.09254284e+07 5.76431501e-18 8.00000000e-19 4.71780303e-06]
 [1.00000000e+07 1.00000000e-18 8.00000000e-19 3.60715696e-06]
 [2.87052196e+07 4.11513149e-18 8.00000000e-19 5.00000000e-06]
 [1.00000000e+07 2.64028509e-18 8.00000000e-19 5.00000000e-06]
 [3.44079121e+07 1.00000000e-18 9.14712536e-19 4.31074829e-06]
 [1.00000000e+07 4.87529156e-18 9.42470707e-19 5.00000000e-06]
 [2.87307844e+07 2.99643595e-18 1.10666479e-18 4.60390889e-06]
 [5.00000000e+07 1.00000000e-17 8.05784773e-19 1.77215280e-06]
 [5.00000000e+07 2.27778847e-18 1.06615961e-18 3.25798123e-06]
 [1.47179088e+07 1.00000000e-18 8.71478083e-19 2.85348365e-06]
 [1.67817621e+07 6.58357783e-18 1.11232569e-18 5.00000000e-06]
 [1.20897072e+07 1.00000000e-18 1.22123337e-18 4.17233595e-06]
 [1.00000000e+07 1.00000000e-18 1.01306840e-18 3.07927230e-06]
 [2.73986654e+07 1.00000000e-18 1.43187082e-18 3.02984988e-06]
 [4.36402497e+07 1.00000000e-18 1.50000000e-18 3.15615665e-06]
 [2.28820346e+07 3.95534458e-18 1.46551023e-18 3.40908115e-06]
 [2.84999287e+07 6.65715274e-18 1.41723628e-18 3.27141213e-06]
 [3.52504117e+07 3.36552583e-18 9.58043011e-19 1.02809352e-06]
 [3.54723944e+07 1.00000000e-18 1.10227032e-18 1.00000000e-06]]
fitnesses
[ 32.83813203  37.71250072 157.6852773   71.50941836 158.93587076  28.36653568 114.12055182  45.21246788  30.34082975 113.69890567 103.18675137  40.72090996  50.7819529   96.90030213  89.80173731 176.39243582  68.48266421  92.98565436  31.42613962  58.1589862 ]
velocities
[[ 0.00000000e+00  1.32170361e-01  0.00000000e+00  3.80370888e-01]
 [ 1.80815005e-01  5.22340902e-02  0.00000000e+00  6.07325429e-01]
 [ 0.00000000e+00  0.00000000e+00  0.00000000e+00  3.79886925e-01]
 [-1.06398841e-01 -3.38752728e-01  0.00000000e+00  0.00000000e+00]
 [ 0.00000000e+00 -1.08301048e-01  0.00000000e+00  0.00000000e+00]
 [ 4.18864953e-01  0.00000000e+00 -6.63222242e-01  4.09174729e-01]
 [ 0.00000000e+00  1.88565219e-01 -3.89649515e-01  0.00000000e+00]
 [ 3.83369832e-01  7.50998370e-02  9.99734251e-02  2.74737074e-01]
 [ 0.00000000e+00  0.00000000e+00 -8.92329801e-01 -4.33552700e-01]
 [ 0.00000000e+00 -7.42154381e-01  2.62088780e-02  4.70474725e-01]
 [-4.26250199e-01  0.00000000e+00 -5.07686530e-01 -4.06474340e-01]
 [-1.45664532e-02  1.94578523e-01  3.16121281e-01  0.00000000e+00]
 [-7.09125828e-01  0.00000000e+00  2.74099446e-01  2.40061063e-01]
 [ 0.00000000e+00  0.00000000e+00  8.60460289e-04  4.88269119e-01]
 [ 9.53286805e-02  0.00000000e+00  6.10364051e-01 -2.98214688e-01]
 [ 4.24863351e-01  0.00000000e+00  0.00000000e+00  3.40373795e-01]
 [-3.95164555e-03  2.60075708e-01  2.61657873e-01  4.41070889e-01]
 [-3.96499817e-01 -1.86018469e-01  3.35503835e-01  3.49338662e-01]
 [ 2.82515998e-01 -1.26034309e-01 -4.14191301e-01 -5.07996564e-01]
 [-3.53507562e-01  0.00000000e+00  3.23102430e-01  0.00000000e+00]]
local Best
[32.83813203 37.71250072 59.93504765 71.50941836 95.0182616  28.36653568 37.83825589 45.21246788 30.34082975 85.12608941 81.17028426 40.72090996 50.7819529  40.14304643 31.57973689 33.96143012 41.70851346 92.98565436 31.42613962 44.07755786]
posPBest
[[1.00000000e+00 6.04543741e-01 0.00000000e+00 6.08665486e-01]
 [7.73135711e-01 5.29368334e-01 0.00000000e+00 9.29450757e-01]
 [4.89515029e-01 2.90664208e-01 5.50548583e-01 2.71902315e-01]
 [4.67630490e-01 3.46125721e-01 0.00000000e+00 1.00000000e+00]
 [5.64332818e-01 2.90554948e-01 8.20061001e-01 6.88935151e-02]
 [6.10197801e-01 0.00000000e+00 1.63875052e-01 8.27687073e-01]
 [1.76833224e-01 2.42022732e-01 5.93179096e-01 3.23269032e-01]
 [4.68269610e-01 2.21826217e-01 4.38092561e-01 9.00977223e-01]
 [1.00000000e+00 1.00000000e+00 8.26396175e-03 1.93038200e-01]
 [8.72584314e-01 8.84130878e-01 3.54019142e-01 9.40205825e-02]
 [5.44197920e-01 5.82533820e-01 6.09798077e-01 8.69845252e-01]
 [1.69544051e-01 6.20397536e-01 4.46179556e-01 1.00000000e+00]
 [5.22426807e-02 0.00000000e+00 6.01761950e-01 7.93083987e-01]
 [3.40684968e-01 8.01860897e-01 3.03522971e-01 3.15489571e-02]
 [3.39637954e-01 6.78246335e-02 2.92308547e-01 8.05677158e-01]
 [4.16142892e-01 1.91666450e-01 4.32118934e-01 1.98665368e-01]
 [3.26002510e-01 6.82959129e-02 6.89071028e-01 1.61199398e-01]
 [4.62498218e-01 6.28572527e-01 8.81766116e-01 5.67853033e-01]
 [6.31260292e-01 2.62836203e-01 2.25775730e-01 7.02337875e-03]
 [9.90317422e-01 9.84335063e-01 1.08712320e-01 1.64812945e-04]]
gBest
28.36653568260555
posGBest
[0.6101978  0.         0.16387505 0.82768707] corresponding parameters:[3.44079121e+07 1.00000000e-18 9.14712536e-19 4.31074829e-06]
##################################################
Generation 3
pid and points
[[15.          0.86055781  0.49931005  0.05862229  1.        ]
 [ 3.          0.59347976  0.09128047  0.          1.        ]
 [16.          0.90216152  0.          0.          1.        ]
 [ 5.          0.79897101  0.47006298  0.16668583  0.98747694]
 [ 2.          0.67391449  0.          0.24003128  1.        ]
 [11.          0.68019127  0.57365596  0.2195427   0.88888353]
 [ 8.          0.92327475  0.03082     0.44021996  0.87027242]
 [ 9.          0.44846738  0.          0.07839279  0.91757079]
 [17.          0.40031736  0.1898033   0.2267616   1.        ]
 [20.          0.45202853  0.          0.          0.72226421]
 [10.          0.73443244  0.17925919  0.38942423  1.        ]
 [19.          0.42274946  0.          0.09959247  1.        ]
 [ 1.          0.52773532  0.20337931  0.37053101  0.8570771 ]
 [ 7.          0.67928534  0.17802779  0.43911246  0.79553824]
 [ 6.          0.43919545  0.23577447  0.67098524  0.76499382]
 [14.          0.12710947  0.42868883  0.14621201  0.65607724]
 [13.          0.75067757  0.          0.42101771  0.53471595]
 [18.          0.03239169  0.          0.42068249  0.98963411]
 [ 4.          0.15548161  0.23291249  0.92777163  0.97895808]
 [12.          0.88986218  0.          0.          0.        ]]
parameters
[[4.44223122e+07 5.49379048e-18 8.41035602e-19 5.00000000e-06]
 [3.37391906e+07 1.82152423e-18 8.00000000e-19 5.00000000e-06]
 [4.60864608e+07 1.00000000e-18 8.00000000e-19 5.00000000e-06]
 [4.19588406e+07 5.23056683e-18 9.16680081e-19 4.94990775e-06]
 [3.69565798e+07 1.00000000e-18 9.68021893e-19 5.00000000e-06]
 [3.72076507e+07 6.16290368e-18 9.53679892e-19 4.55553414e-06]
 [4.69309901e+07 1.27738004e-18 1.10815397e-18 4.48108966e-06]
 [2.79386951e+07 1.00000000e-18 8.54874952e-19 4.67028316e-06]
 [2.60126942e+07 2.70822973e-18 9.58733122e-19 5.00000000e-06]
 [2.80811410e+07 1.00000000e-18 8.00000000e-19 3.88905683e-06]
 [3.93772975e+07 2.61333274e-18 1.07259696e-18 5.00000000e-06]
 [2.69099785e+07 1.00000000e-18 8.69714726e-19 5.00000000e-06]
 [3.11094129e+07 2.83041381e-18 1.05937170e-18 4.42830839e-06]
 [3.71714136e+07 2.60225009e-18 1.10737872e-18 4.18215297e-06]
 [2.75678179e+07 3.12197023e-18 1.26968967e-18 4.05997527e-06]
 [1.50843789e+07 4.85819945e-18 9.02348407e-19 3.62430896e-06]
 [4.00271026e+07 1.00000000e-18 1.09471240e-18 3.13886380e-06]
 [1.12956674e+07 1.00000000e-18 1.09447775e-18 4.95853643e-06]
 [1.62192643e+07 3.09621242e-18 1.44944014e-18 4.91583232e-06]
 [4.55944870e+07 1.00000000e-18 8.00000000e-19 1.00000000e-06]]
fitnesses
[ 33.19051799  55.16989649  32.72750151  44.34687111  44.27873357  40.60725931 115.7328569   51.53238543  31.79260767  72.37770888  78.79173097  50.16518466  44.72709097  78.88326026  68.94687743  92.67047788  87.00627514  72.07587591  39.22206174  31.48890657]
velocities
[[-0.13944219 -0.10523369  0.05862229  0.        ]
 [ 0.15851313  0.09128047  0.          0.        ]
 [ 0.29196372  0.          0.          0.        ]
 [ 0.79897101  0.47006298 -0.1376976   0.46765886]
 [-0.09922122  0.          0.24003128  0.        ]
 [ 0.56224355  0.57365596  0.11743116  0.42551262]
 [ 0.08226851  0.03082    -0.55978004  0.33123325]
 [-0.01916311  0.          0.07839279 -0.08242921]
 [-0.23649251  0.1898033  -0.20505315  0.        ]
 [-0.54797147  0.          0.          0.52922601]
 [ 0.26616283 -0.04256702 -0.04866833  0.        ]
 [-0.57725054  0.         -0.28063555  0.        ]
 [ 0.35819127 -0.41701822 -0.07564855 -0.1429229 ]
 [ 0.67928534  0.17802779  0.43911246  0.143749  ]
 [ 0.11714458 -0.09259715 -0.27974366  0.16272353]
 [ 0.12710947 -0.00189912 -0.05731757 -0.34392276]
 [ 0.75067757  0.          0.42101771 -0.46528405]
 [-0.019851    0.         -0.18107946  0.19655012]
 [-0.30701661 -0.39566004  0.04600551  0.41110505]
 [ 0.25860188  0.          0.          0.        ]]
local Best
[32.83813203 31.57973689 28.36653568 40.14304643 37.71250072 40.60725931 33.96143012 51.53238543 31.79260767 30.34082975 45.21246788 50.16518466 40.72090996 59.93504765 41.70851346 37.83825589 87.00627514 50.7819529  39.22206174 31.42613962]
posPBest
[[1.         0.60454374 0.         0.60866549]
 [0.33963795 0.06782463 0.29230855 0.80567716]
 [0.6101978  0.         0.16387505 0.82768707]
 [0.34068497 0.8018609  0.30352297 0.03154896]
 [0.77313571 0.52936833 0.         0.92945076]
 [0.68019127 0.57365596 0.2195427  0.88888353]
 [0.41614289 0.19166645 0.43211893 0.19866537]
 [0.44846738 0.         0.07839279 0.91757079]
 [0.40031736 0.1898033  0.2267616  1.        ]
 [1.         1.         0.00826396 0.1930382 ]
 [0.46826961 0.22182622 0.43809256 0.90097722]
 [0.42274946 0.         0.09959247 1.        ]
 [0.16954405 0.62039754 0.44617956 1.        ]
 [0.48951503 0.29066421 0.55054858 0.27190232]
 [0.32600251 0.06829591 0.68907103 0.1611994 ]
 [0.17683322 0.24202273 0.5931791  0.32326903]
 [0.75067757 0.         0.42101771 0.53471595]
 [0.05224268 0.         0.60176195 0.79308399]
 [0.15548161 0.23291249 0.92777163 0.97895808]
 [0.63126029 0.2628362  0.22577573 0.00702338]]
gBest
28.36653568260555
posGBest
[0.6101978  0.         0.16387505 0.82768707] corresponding parameters:[3.44079121e+07 1.00000000e-18 9.14712536e-19 4.31074829e-06]
##################################################
Generation 4
pid and points
[[4.00000000e+00 5.73507199e-01 0.00000000e+00 0.00000000e+00 1.00000000e+00]
 [1.90000000e+01 1.83979076e-01 0.00000000e+00 0.00000000e+00 8.37234715e-01]
 [1.10000000e+01 9.70217140e-01 5.63662339e-01 2.55115984e-01 1.00000000e+00]
 [8.00000000e+00 4.28816629e-01 1.57423770e-01 0.00000000e+00 6.57633755e-01]
 [1.60000000e+01 6.96285355e-01 0.00000000e+00 2.34904318e-01 7.53000532e-01]
 [9.00000000e+00 5.28646666e-01 0.00000000e+00 1.98105571e-01 7.91694035e-01]
 [1.50000000e+01 6.99901765e-01 2.17226722e-01 1.26162998e-01 7.03439204e-01]
 [2.00000000e+01 5.23844660e-01 1.00000000e+00 1.77971365e-02 6.66587380e-01]
 [5.00000000e+00 7.76333386e-01 4.84616769e-01 1.72532787e-01 5.24886595e-01]
 [2.00000000e+00 5.69396903e-01 5.82924584e-02 3.59510874e-01 8.92445185e-01]
 [1.70000000e+01 3.34775933e-01 2.33658788e-01 6.96571258e-02 9.29435222e-01]
 [1.00000000e+00 6.37423607e-01 6.46719461e-02 3.27970281e-01 8.13670168e-01]
 [1.00000000e+01 4.31756506e-01 6.49055300e-02 2.41845308e-01 7.16048394e-01]
 [1.80000000e+01 3.28506964e-01 0.00000000e+00 3.88601051e-01 8.06543253e-01]
 [3.00000000e+00 4.56557989e-01 1.79963338e-02 4.58757455e-01 6.25181854e-01]
 [6.00000000e+00 4.88818362e-01 2.23381783e-02 3.81480420e-01 5.31159525e-01]
 [1.20000000e+01 8.04051940e-01 1.40434991e-01 1.68310137e-01 2.44554739e-01]
 [1.30000000e+01 1.00000000e+00 0.00000000e+00 6.53225992e-01 2.82650231e-01]
 [7.00000000e+00 8.54070446e-01 4.22512809e-01 8.38555140e-01 2.13500853e-01]
 [1.40000000e+01 5.25367683e-01 0.00000000e+00 6.76029319e-01 0.00000000e+00]]
parameters
[[3.29402880e+07 1.00000000e-18 8.00000000e-19 5.00000000e-06]
 [1.73591630e+07 1.00000000e-18 8.00000000e-19 4.34893886e-06]
 [4.88086856e+07 6.07296105e-18 9.78581189e-19 5.00000000e-06]
 [2.71526652e+07 2.41681393e-18 8.00000000e-19 3.63053502e-06]
 [3.78514142e+07 1.00000000e-18 9.64433023e-19 4.01200213e-06]
 [3.11458666e+07 1.00000000e-18 9.38673900e-19 4.16677614e-06]
 [3.79960706e+07 2.95504050e-18 8.88314098e-19 3.81375681e-06]
 [3.09537864e+07 1.00000000e-17 8.12457996e-19 3.66634952e-06]
 [4.10533355e+07 5.36155092e-18 9.20772951e-19 3.09954638e-06]
 [3.27758761e+07 1.52463213e-18 1.05165761e-18 4.56978074e-06]
 [2.33910373e+07 3.10292909e-18 8.48759988e-19 4.71774089e-06]
 [3.54969443e+07 1.58204752e-18 1.02957920e-18 4.25468067e-06]
 [2.72702602e+07 1.58414977e-18 9.69291716e-19 3.86419358e-06]
 [2.31402786e+07 1.00000000e-18 1.07202074e-18 4.22617301e-06]
 [2.82623195e+07 1.16196700e-18 1.12113022e-18 3.50072742e-06]
 [2.95527345e+07 1.20104361e-18 1.06703629e-18 3.12463810e-06]
 [4.21620776e+07 2.26391492e-18 9.17817096e-19 1.97821896e-06]
 [5.00000000e+07 1.00000000e-18 1.25725819e-18 2.13060093e-06]
 [4.41628179e+07 4.80261528e-18 1.38698860e-18 1.85400341e-06]
 [3.10147073e+07 1.00000000e-18 1.27322052e-18 1.00000000e-06]]
fitnesses
[ 57.15250106 116.66641351  83.02986144  76.03874683  45.84572065  26.93872373  29.79560535  58.14654985  42.35157088  49.57902515  71.2607755   54.11910751  28.08491463  28.59392521  46.29409712  40.60366899  43.62057717 158.3162393  155.29669326  68.567203  ]
velocities
[[ 0.41802559  0.          0.          0.        ]
 [-0.23877039  0.          0.         -0.16276529]
 [ 0.29002587 -0.00999363  0.03557328  0.        ]
 [-0.49445812  0.12660377  0.         -0.21263866]
 [-0.20587617  0.          0.23490432 -0.24699947]
 [ 0.08017929  0.          0.11971278 -0.12587676]
 [-0.16065604 -0.28208333  0.06754071 -0.2965608 ]
 [ 0.07181613  0.          0.01779714 -0.05567683]
 [-0.02263763  0.01455379  0.00584696 -0.46259034]
 [-0.10451759  0.05829246  0.1194796  -0.10755482]
 [-0.06554142  0.04385548 -0.15710448 -0.07056478]
 [ 0.10968829 -0.13870737 -0.04256072 -0.04340693]
 [-0.30267593 -0.11435366 -0.14757893 -0.28395161]
 [ 0.29611528  0.         -0.03208144 -0.18309085]
 [-0.13692178 -0.07328414  0.45875745 -0.37481815]
 [ 0.04962292 -0.21343629 -0.28950482 -0.23383429]
 [-0.08581024  0.14043499  0.16831014  0.24455474]
 [ 0.          0.          0.23220828 -0.25206572]
 [ 0.17478511  0.24448502  0.39944268 -0.58203739]
 [ 0.39825821  0.          0.52981731  0.        ]]
local Best
[39.22206174 50.16518466 40.60725931 33.96143012 28.36653568 26.93872373 29.79560535 30.34082975 40.14304643 37.71250072 31.79260767 40.72090996 28.08491463 28.59392521 31.57973689 40.60366899 31.42613962 87.00627514 59.93504765 37.83825589]
posPBest
[[0.15548161 0.23291249 0.92777163 0.97895808]
 [0.42274946 0.         0.09959247 1.        ]
 [0.68019127 0.57365596 0.2195427  0.88888353]
 [0.41614289 0.19166645 0.43211893 0.19866537]
 [0.6101978  0.         0.16387505 0.82768707]
 [0.52864667 0.         0.19810557 0.79169404]
 [0.69990176 0.21722672 0.126163   0.7034392 ]
 [1.         1.         0.00826396 0.1930382 ]
 [0.34068497 0.8018609  0.30352297 0.03154896]
 [0.77313571 0.52936833 0.         0.92945076]
 [0.40031736 0.1898033  0.2267616  1.        ]
 [0.16954405 0.62039754 0.44617956 1.        ]
 [0.43175651 0.06490553 0.24184531 0.71604839]
 [0.32850696 0.         0.38860105 0.80654325]
 [0.33963795 0.06782463 0.29230855 0.80567716]
 [0.48881836 0.02233818 0.38148042 0.53115953]
 [0.63126029 0.2628362  0.22577573 0.00702338]
 [0.75067757 0.         0.42101771 0.53471595]
 [0.48951503 0.29066421 0.55054858 0.27190232]
 [0.17683322 0.24202273 0.5931791  0.32326903]]
gBest
26.938723728546528
posGBest
[0.52864667 0.         0.19810557 0.79169404] corresponding parameters:[3.11458666e+07 1.00000000e-18 9.38673900e-19 4.16677614e-06]
##################################################
Generation 5
pid and points
[[1.80000000e+01 7.74295636e-01 0.00000000e+00 1.20383378e-01 6.72776446e-01]
 [1.70000000e+01 5.23590038e-01 0.00000000e+00 1.36125949e-01 7.34877788e-01]
 [6.00000000e+00 5.62241632e-01 0.00000000e+00 0.00000000e+00 5.81784644e-01]
 [1.30000000e+01 3.51170551e-01 0.00000000e+00 1.66200665e-01 8.20955935e-01]
 [1.90000000e+01 2.88157746e-02 0.00000000e+00 3.01008819e-02 7.15597284e-01]
 [1.00000000e+00 0.00000000e+00 6.87961735e-01 3.27604501e-01 1.00000000e+00]
 [1.10000000e+01 3.73237494e-01 2.79165637e-03 1.79031158e-01 6.64686112e-01]
 [1.20000000e+01 3.65033164e-01 1.05291396e-01 3.30395715e-01 9.67609273e-01]
 [1.40000000e+01 6.08115800e-01 9.52529758e-02 3.12375755e-01 1.00000000e+00]
 [2.00000000e+00 5.71646297e-01 2.40380709e-01 3.10829616e-01 8.38270106e-01]
 [1.50000000e+01 4.52056371e-01 0.00000000e+00 2.30311063e-01 6.01685025e-01]
 [1.00000000e+01 2.67238331e-01 0.00000000e+00 4.06312005e-02 5.41425595e-01]
 [2.00000000e+01 6.82010458e-01 0.00000000e+00 2.36550096e-01 6.70332636e-01]
 [9.00000000e+00 6.01449428e-01 0.00000000e+00 3.06804728e-01 6.77397993e-01]
 [4.00000000e+00 3.77165217e-01 2.17374797e-01 9.51375669e-01 8.90463533e-01]
 [1.60000000e+01 3.08384641e-01 0.00000000e+00 3.98220984e-01 5.81274742e-01]
 [3.00000000e+00 2.77861744e-01 0.00000000e+00 5.15432074e-01 5.83000536e-01]
 [5.00000000e+00 4.95170185e-01 2.80598297e-01 2.26426636e-01 2.28409714e-01]
 [8.00000000e+00 1.39826352e-01 2.14857274e-01 5.40090965e-01 7.97377780e-02]
 [7.00000000e+00 9.01145486e-01 5.24847855e-01 1.00000000e+00 0.00000000e+00]]
parameters
[[4.09718255e+07 1.00000000e-18 8.84268365e-19 3.69110579e-06]
 [3.09436015e+07 1.00000000e-18 8.95288164e-19 3.93951115e-06]
 [3.24896653e+07 1.00000000e-18 8.00000000e-19 3.32713858e-06]
 [2.40468221e+07 1.00000000e-18 9.16340466e-19 4.28382374e-06]
 [1.11526310e+07 1.00000000e-18 8.21070617e-19 3.86238914e-06]
 [1.00000000e+07 7.19165562e-18 1.02932315e-18 5.00000000e-06]
 [2.49294998e+07 1.02512491e-18 9.25321810e-19 3.65874445e-06]
 [2.46013266e+07 1.94762256e-18 1.03127700e-18 4.87043709e-06]
 [3.43246320e+07 1.85727678e-18 1.01866303e-18 5.00000000e-06]
 [3.28658519e+07 3.16342638e-18 1.01758073e-18 4.35308042e-06]
 [2.80822549e+07 1.00000000e-18 9.61217744e-19 3.40674010e-06]
 [2.06895333e+07 1.00000000e-18 8.28441840e-19 3.16570238e-06]
 [3.72804183e+07 1.00000000e-18 9.65585067e-19 3.68133055e-06]
 [3.40579771e+07 1.00000000e-18 1.01476331e-18 3.70959197e-06]
 [2.50866087e+07 2.95637317e-18 1.46596297e-18 4.56185413e-06]
 [2.23353856e+07 1.00000000e-18 1.07875469e-18 3.32509897e-06]
 [2.11144698e+07 1.00000000e-18 1.16080245e-18 3.33200215e-06]
 [2.98068074e+07 3.52538467e-18 9.58498645e-19 1.91363885e-06]
 [1.55930541e+07 2.93371546e-18 1.17806368e-18 1.31895111e-06]
 [4.60458194e+07 5.72363069e-18 1.50000000e-18 1.00000000e-06]]
fitnesses
[ 34.55781475  31.42764842  57.56711922  46.62189669 142.21976455  94.52949833  41.26952035  27.72004089  47.44087402  41.85615455  27.67169558  89.03102215  44.29343681  45.81588491  82.99554699  30.04947774  31.75626419  28.13569598  48.37605655 166.78947502]
velocities
[[ 4.45788672e-01  0.00000000e+00 -2.68217673e-01 -1.33766807e-01]
 [ 1.88814105e-01  0.00000000e+00  6.64688229e-02 -1.94557434e-01]
 [ 7.34232691e-02  0.00000000e+00  0.00000000e+00  5.06251194e-02]
 [-6.48829449e-01  0.00000000e+00 -4.87025327e-01  5.38305703e-01]
 [-1.55163302e-01  0.00000000e+00  3.01008819e-02 -1.21637431e-01]
 [ 0.00000000e+00  6.23289789e-01 -3.65780392e-04  0.00000000e+00]
 [-5.96979646e-01 -5.60870683e-01 -7.60848261e-02 -3.35313888e-01]
 [-4.39018776e-01 -3.51435951e-02  1.62085578e-01  7.23054534e-01]
 [ 8.27481171e-02  9.52529758e-02 -3.63653564e-01  0.00000000e+00]
 [ 2.24939426e-03  1.82088251e-01 -4.86812582e-02 -5.41750790e-02]
 [-2.47845393e-01  0.00000000e+00  1.04148066e-01 -1.01754179e-01]
 [-1.64518175e-01  0.00000000e+00 -2.01214108e-01 -1.74622799e-01]
 [ 1.58165797e-01  0.00000000e+00  2.18752959e-01  3.74525636e-03]
 [ 7.28027617e-02  0.00000000e+00  1.08699157e-01 -1.14296043e-01]
 [-1.96341982e-01  2.17374797e-01  9.51375669e-01 -1.09536467e-01]
 [-3.87900714e-01  0.00000000e+00  1.63316666e-01 -1.71725790e-01]
 [-1.78696244e-01  0.00000000e+00  5.66746192e-02 -4.21813175e-02]
 [-2.81163201e-01 -2.04018472e-01  5.38938487e-02 -2.96476881e-01]
 [-2.88990277e-01  5.74335035e-02  5.40090965e-01 -5.77895977e-01]
 [ 4.70750396e-02  1.02335046e-01  0.00000000e+00  0.00000000e+00]]
local Best
[28.59392521 31.42764842 40.60366899 46.62189669 50.16518466 40.72090996 40.60725931 27.72004089 37.83825589 37.71250072 27.67169558 28.08491463 30.34082975 26.93872373 39.22206174 28.36653568 31.57973689 28.13569598 33.96143012 59.93504765]
posPBest
[[0.32850696 0.         0.38860105 0.80654325]
 [0.52359004 0.         0.13612595 0.73487779]
 [0.48881836 0.02233818 0.38148042 0.53115953]
 [0.35117055 0.         0.16620067 0.82095593]
 [0.42274946 0.         0.09959247 1.        ]
 [0.16954405 0.62039754 0.44617956 1.        ]
 [0.68019127 0.57365596 0.2195427  0.88888353]
 [0.36503316 0.1052914  0.33039572 0.96760927]
 [0.17683322 0.24202273 0.5931791  0.32326903]
 [0.77313571 0.52936833 0.         0.92945076]
 [0.45205637 0.         0.23031106 0.60168502]
 [0.43175651 0.06490553 0.24184531 0.71604839]
 [1.         1.         0.00826396 0.1930382 ]
 [0.52864667 0.         0.19810557 0.79169404]
 [0.15548161 0.23291249 0.92777163 0.97895808]
 [0.6101978  0.         0.16387505 0.82768707]
 [0.33963795 0.06782463 0.29230855 0.80567716]
 [0.49517019 0.2805983  0.22642664 0.22840971]
 [0.41614289 0.19166645 0.43211893 0.19866537]
 [0.48951503 0.29066421 0.55054858 0.27190232]]
gBest
26.938723728546528
posGBest
[0.52864667 0.         0.19810557 0.79169404] corresponding parameters:[3.11458666e+07 1.00000000e-18 9.38673900e-19 4.16677614e-06]
##################################################
Generation 6
pid and points
[[1.30000000e+01 2.95998829e-02 0.00000000e+00 0.00000000e+00 1.00000000e+00]
 [1.00000000e+00 8.38379946e-01 1.20839870e-01 1.72904321e-01 6.90907709e-01]
 [2.00000000e+00 7.87487904e-01 4.58459561e-01 0.00000000e+00 8.67451280e-01]
 [6.00000000e+00 6.05766563e-01 5.05147152e-03 9.52645017e-02 6.22381130e-01]
 [1.10000000e+01 3.85632347e-01 1.08425335e-01 1.81073506e-01 7.82627156e-01]
 [1.60000000e+01 6.74846083e-01 0.00000000e+00 2.67577885e-02 9.71864461e-01]
 [1.80000000e+01 6.63340388e-01 0.00000000e+00 1.54562086e-01 7.27087405e-01]
 [1.90000000e+01 0.00000000e+00 0.00000000e+00 6.63708557e-02 6.72959298e-01]
 [9.00000000e+00 4.52790458e-01 0.00000000e+00 8.48474235e-02 9.10783809e-01]
 [1.70000000e+01 6.34975663e-01 0.00000000e+00 2.06862591e-01 6.52586104e-01]
 [5.00000000e+00 3.71256559e-01 0.00000000e+00 2.21986148e-01 7.77304526e-01]
 [3.00000000e+00 3.80728708e-01 5.07347659e-02 1.80376557e-01 8.57362078e-01]
 [1.40000000e+01 5.00959157e-01 1.97185036e-01 5.78338694e-02 6.91181878e-01]
 [1.50000000e+01 3.59797886e-01 0.00000000e+00 2.69050576e-01 7.79169579e-01]
 [1.00000000e+01 1.74701473e-01 1.33275038e-02 0.00000000e+00 4.40326012e-01]
 [2.00000000e+01 6.84310841e-01 2.81882939e-02 3.92789780e-01 7.80434965e-01]
 [1.20000000e+01 8.67469488e-02 1.05819556e-02 3.89158786e-01 1.00000000e+00]
 [4.00000000e+00 1.19585925e-01 1.56662360e-01 7.88416911e-01 8.13006906e-01]
 [8.00000000e+00 3.83895379e-01 5.63525208e-02 5.13305019e-01 4.05434676e-01]
 [7.00000000e+00 5.76742970e-01 3.70060086e-01 6.05312491e-01 2.48969373e-01]]
parameters
[[1.11839953e+07 1.00000000e-18 8.00000000e-19 5.00000000e-06]
 [4.35351978e+07 2.08755883e-18 9.21033025e-19 3.76363084e-06]
 [4.14995162e+07 5.12613605e-18 8.00000000e-19 4.46980512e-06]
 [3.42306625e+07 1.04546324e-18 8.66685151e-19 3.48952452e-06]
 [2.54252939e+07 1.97582802e-18 9.26751454e-19 4.13050862e-06]
 [3.69938433e+07 1.00000000e-18 8.18730452e-19 4.88745785e-06]
 [3.65336155e+07 1.00000000e-18 9.08193460e-19 3.90834962e-06]
 [1.00000000e+07 1.00000000e-18 8.46459599e-19 3.69183719e-06]
 [2.81116183e+07 1.00000000e-18 8.59393196e-19 4.64313524e-06]
 [3.53990265e+07 1.00000000e-18 9.44803813e-19 3.61034442e-06]
 [2.48502624e+07 1.00000000e-18 9.55390303e-19 4.10921810e-06]
 [2.52291483e+07 1.45661289e-18 9.26263590e-19 4.42944831e-06]
 [3.00383663e+07 2.77466532e-18 8.40483709e-19 3.76472751e-06]
 [2.43919154e+07 1.00000000e-18 9.88335403e-19 4.11667831e-06]
 [1.69880589e+07 1.11994753e-18 8.00000000e-19 2.76130405e-06]
 [3.73724337e+07 1.25369465e-18 1.07495285e-18 4.12173986e-06]
 [1.34698780e+07 1.09523760e-18 1.07241115e-18 5.00000000e-06]
 [1.47834370e+07 2.40996124e-18 1.35189184e-18 4.25202762e-06]
 [2.53558152e+07 1.50717269e-18 1.15931351e-18 2.62173870e-06]
 [3.30697188e+07 4.33054077e-18 1.22371874e-18 1.99587749e-06]]
fitnesses
[150.75281599  49.74843327  36.55378038  30.87738153  39.68035472  38.81216696  30.49109211 140.8675941   49.41067018  34.23018262  35.15807888  40.28190209  50.01870846  31.37695096 117.48958822  72.37488603  62.1302027   38.70801289  39.82245073  81.58761903]
velocities
[[-0.32157067  0.          0.          0.        ]
 [ 0.83837995 -0.56712186 -0.15470018 -0.30909229]
 [ 0.21584161  0.21807885  0.          0.02918117]
 [ 0.04352493  0.00505147  0.0952645   0.04059649]
 [ 0.01239485  0.10563368  0.00204235  0.11794104]
 [ 0.36646144  0.         -0.3714632   0.39058972]
 [-0.11095525  0.          0.03417871  0.05431096]
 [ 0.          0.          0.03626997 -0.04263799]
 [-0.14865897  0.         -0.2219573   0.23338582]
 [ 0.11138562  0.          0.07073664 -0.08229168]
 [-0.12391363  0.         -0.00444049  0.54889481]
 [ 0.10286696  0.05073477 -0.33505552  0.27436154]
 [-0.10715664  0.10193206 -0.25454189 -0.30881812]
 [-0.09225849  0.          0.03873951  0.17748455]
 [-0.09253686  0.0133275   0.         -0.10109958]
 [ 0.00230038  0.02818829  0.15623968  0.11010233]
 [-0.27828622 -0.09470944  0.05876307  0.        ]
 [-0.25757929 -0.06071244 -0.16295876 -0.07745663]
 [ 0.24406903 -0.15850475 -0.02678595  0.3256969 ]
 [-0.32440252 -0.15478777 -0.39468751  0.24896937]]
local Best
[46.62189669 40.72090996 36.55378038 30.87738153 39.68035472 28.36653568 28.59392521 50.16518466 26.93872373 31.42764842 28.13569598 31.57973689 37.83825589 27.67169558 28.08491463 30.34082975 27.72004089 38.70801289 33.96143012 59.93504765]
posPBest
[[0.35117055 0.         0.16620067 0.82095593]
 [0.16954405 0.62039754 0.44617956 1.        ]
 [0.7874879  0.45845956 0.         0.86745128]
 [0.60576656 0.00505147 0.0952645  0.62238113]
 [0.38563235 0.10842534 0.18107351 0.78262716]
 [0.6101978  0.         0.16387505 0.82768707]
 [0.32850696 0.         0.38860105 0.80654325]
 [0.42274946 0.         0.09959247 1.        ]
 [0.52864667 0.         0.19810557 0.79169404]
 [0.52359004 0.         0.13612595 0.73487779]
 [0.49517019 0.2805983  0.22642664 0.22840971]
 [0.33963795 0.06782463 0.29230855 0.80567716]
 [0.17683322 0.24202273 0.5931791  0.32326903]
 [0.45205637 0.         0.23031106 0.60168502]
 [0.43175651 0.06490553 0.24184531 0.71604839]
 [1.         1.         0.00826396 0.1930382 ]
 [0.36503316 0.1052914  0.33039572 0.96760927]
 [0.11958593 0.15666236 0.78841691 0.81300691]
 [0.41614289 0.19166645 0.43211893 0.19866537]
 [0.48951503 0.29066421 0.55054858 0.27190232]]
gBest
26.938723728546528
posGBest
[0.52864667 0.         0.19810557 0.79169404] corresponding parameters:[3.11458666e+07 1.00000000e-18 9.38673900e-19 4.16677614e-06]
##################################################
Generation 7
pid and points
[[1.00000000e+00 8.40697399e-01 0.00000000e+00 1.80917224e-01 6.93460698e-01]
 [3.00000000e+00 5.83343829e-01 5.46915389e-02 0.00000000e+00 9.84586251e-01]
 [2.00000000e+00 8.86240297e-01 5.37974775e-01 2.03811597e-02 8.76608652e-01]
 [1.60000000e+01 6.89226901e-01 0.00000000e+00 4.65018320e-02 9.51103803e-01]
 [1.20000000e+01 8.21039542e-01 6.27231711e-02 1.14027015e-01 7.04927831e-01]
 [7.00000000e+00 3.32353249e-01 0.00000000e+00 0.00000000e+00 1.00000000e+00]
 [8.00000000e+00 7.20320002e-01 9.06819717e-02 5.60181050e-02 7.16261817e-01]
 [9.00000000e+00 4.30362560e-01 0.00000000e+00 5.13611455e-02 9.45994285e-01]
 [2.00000000e+01 6.58553210e-01 3.40006292e-01 2.28103513e-01 6.85693084e-01]
 [1.70000000e+01 5.79616748e-01 0.00000000e+00 2.57037304e-01 7.81406203e-01]
 [4.00000000e+00 4.10637307e-01 0.00000000e+00 0.00000000e+00 7.23317220e-01]
 [5.00000000e+00 4.78584719e-01 1.03262253e-01 1.93308233e-01 1.00000000e+00]
 [1.50000000e+01 4.75292426e-01 0.00000000e+00 2.20537889e-01 6.79040912e-01]
 [1.30000000e+01 0.00000000e+00 0.00000000e+00 8.80995053e-02 9.05933561e-01]
 [6.00000000e+00 6.26104795e-01 8.34145044e-03 2.04538584e-01 6.98864491e-01]
 [1.90000000e+01 6.74766150e-01 0.00000000e+00 2.48515458e-01 8.41995663e-01]
 [1.10000000e+01 4.64283359e-01 1.13647442e-01 1.90759533e-01 8.53662058e-01]
 [1.00000000e+01 5.00367662e-01 8.99808618e-02 3.49883499e-01 7.84600632e-01]
 [1.80000000e+01 1.25083860e-01 0.00000000e+00 4.81192290e-01 8.86809164e-01]
 [1.40000000e+01 9.68272632e-02 2.05284210e-01 5.62223782e-01 1.55697841e-01]]
parameters
[[4.36278960e+07 1.00000000e-18 9.26642057e-19 3.77384279e-06]
 [3.33337532e+07 1.49222385e-18 8.00000000e-19 4.93834501e-06]
 [4.54496119e+07 5.84177297e-18 8.14266812e-19 4.50643461e-06]
 [3.75690760e+07 1.00000000e-18 8.32551282e-19 4.80441521e-06]
 [4.28415817e+07 1.56450854e-18 8.79818911e-19 3.81971133e-06]
 [2.32941300e+07 1.00000000e-18 8.00000000e-19 5.00000000e-06]
 [3.88128001e+07 1.81613775e-18 8.39212674e-19 3.86504727e-06]
 [2.72145024e+07 1.00000000e-18 8.35952802e-19 4.78397714e-06]
 [3.63421284e+07 4.06005663e-18 9.59672459e-19 3.74277233e-06]
 [3.31846699e+07 1.00000000e-18 9.79926113e-19 4.12562481e-06]
 [2.64254923e+07 1.00000000e-18 8.00000000e-19 3.89326888e-06]
 [2.91433888e+07 1.92936028e-18 9.35315763e-19 5.00000000e-06]
 [2.90116970e+07 1.00000000e-18 9.54376522e-19 3.71616365e-06]
 [1.00000000e+07 1.00000000e-18 8.61669654e-19 4.62373424e-06]
 [3.50441918e+07 1.07507305e-18 9.43177009e-19 3.79545796e-06]
 [3.69906460e+07 1.00000000e-18 9.73960820e-19 4.36798265e-06]
 [2.85713344e+07 2.02282697e-18 9.33531673e-19 4.41464823e-06]
 [3.00147065e+07 1.80982776e-18 1.04491845e-18 4.13840253e-06]
 [1.50033544e+07 1.00000000e-18 1.13683460e-18 4.54723666e-06]
 [1.38730905e+07 2.84755789e-18 1.19355665e-18 1.62279137e-06]]
fitnesses
[ 52.20277451  56.22905129  31.78551663  33.60542839  37.21881414  90.89143376  30.38257572  60.96629208  39.34486123  35.56021289  78.3056349   28.73474667  27.09913336 136.17166071  33.09978744  45.70501068  29.95683643  38.09181255  44.868859    51.35536871]
velocities
[[ 0.00231745  0.          0.0080129   0.00255299]
 [ 0.20261512  0.00395677  0.          0.12722417]
 [ 0.09875239  0.07951521  0.02038116  0.00915737]
 [ 0.01438082  0.          0.01974404 -0.02076066]
 [ 0.73429259  0.05214122 -0.27513177 -0.29507217]
 [-0.24438972  0.          0.          0.        ]
 [ 0.33642462  0.03432945 -0.45728691  0.31082714]
 [-0.0224279   0.         -0.03348628  0.03521048]
 [-0.02575763  0.311818   -0.16468627 -0.09474188]
 [-0.05535892  0.          0.05017471  0.1288201 ]
 [ 0.29105138  0.          0.         -0.08968969]
 [ 0.10732816  0.10326225 -0.02867791  0.        ]
 [ 0.11549454  0.         -0.04851269 -0.10012867]
 [ 0.          0.          0.08809951 -0.09406644]
 [ 0.02033823  0.00328998  0.10927408  0.07648336]
 [ 0.67476615  0.          0.1821446   0.16903636]
 [ 0.07865101  0.00522211  0.00968603  0.0710349 ]
 [ 0.32566619  0.07665336  0.3498835   0.34427462]
 [-0.53825653  0.          0.3266302   0.15972176]
 [-0.40413189  0.00809917  0.50438991 -0.53548404]]
local Best
[40.72090996 31.57973689 31.78551663 28.36653568 27.72004089 59.93504765 30.38257572 26.93872373 30.34082975 31.42764842 38.70801289 28.13569598 27.09913336 46.62189669 30.87738153 45.70501068 29.95683643 28.08491463 28.59392521 37.83825589]
posPBest
[[0.16954405 0.62039754 0.44617956 1.        ]
 [0.33963795 0.06782463 0.29230855 0.80567716]
 [0.8862403  0.53797477 0.02038116 0.87660865]
 [0.6101978  0.         0.16387505 0.82768707]
 [0.36503316 0.1052914  0.33039572 0.96760927]
 [0.48951503 0.29066421 0.55054858 0.27190232]
 [0.72032    0.09068197 0.05601811 0.71626182]
 [0.52864667 0.         0.19810557 0.79169404]
 [1.         1.         0.00826396 0.1930382 ]
 [0.52359004 0.         0.13612595 0.73487779]
 [0.11958593 0.15666236 0.78841691 0.81300691]
 [0.49517019 0.2805983  0.22642664 0.22840971]
 [0.47529243 0.         0.22053789 0.67904091]
 [0.35117055 0.         0.16620067 0.82095593]
 [0.60576656 0.00505147 0.0952645  0.62238113]
 [0.67476615 0.         0.24851546 0.84199566]
 [0.46428336 0.11364744 0.19075953 0.85366206]
 [0.43175651 0.06490553 0.24184531 0.71604839]
 [0.32850696 0.         0.38860105 0.80654325]
 [0.17683322 0.24202273 0.5931791  0.32326903]]
gBest
26.938723728546528
posGBest
[0.52864667 0.         0.19810557 0.79169404] corresponding parameters:[3.11458666e+07 1.00000000e-18 9.38673900e-19 4.16677614e-06]
##################################################
Generation 8
pid and points
[[8.00000000e+00 6.28775583e-01 0.00000000e+00 1.73081147e-02 9.79496296e-01]
 [2.00000000e+00 8.13556229e-01 3.70145858e-01 1.15333498e-01 8.47244368e-01]
 [1.60000000e+01 5.55742948e-01 0.00000000e+00 2.31005973e-01 7.57099602e-01]
 [1.20000000e+01 8.15750772e-01 7.53546796e-02 1.23906379e-01 7.32331437e-01]
 [1.70000000e+01 5.02976244e-01 0.00000000e+00 2.01231855e-01 8.30677594e-01]
 [1.00000000e+01 6.59887292e-01 2.20037587e-02 3.08546014e-01 9.33138532e-01]
 [1.80000000e+01 3.83870770e-01 0.00000000e+00 2.98915673e-01 8.26297081e-01]
 [1.50000000e+01 5.94959450e-01 0.00000000e+00 1.70256931e-01 6.92384525e-01]
 [1.90000000e+01 1.00000000e+00 0.00000000e+00 3.30990189e-01 9.15453293e-01]
 [6.00000000e+00 6.11854121e-01 7.39216145e-03 2.22438074e-01 7.29170575e-01]
 [9.00000000e+00 5.70981755e-01 0.00000000e+00 2.61314553e-01 7.25230442e-01]
 [1.30000000e+01 3.75899492e-01 0.00000000e+00 2.24274349e-01 7.59638830e-01]
 [1.10000000e+01 5.48137884e-01 4.70694007e-02 2.00731267e-01 8.55918513e-01]
 [2.00000000e+01 7.53822252e-01 6.15137984e-01 0.00000000e+00 3.57916779e-01]
 [5.00000000e+00 6.34623420e-01 1.92832251e-01 1.84926953e-01 4.62059923e-01]
 [1.00000000e+00 0.00000000e+00 8.36559776e-01 5.57776337e-01 1.00000000e+00]
 [4.00000000e+00 2.37905677e-01 1.99122139e-01 1.00000000e+00 7.86699178e-01]
 [3.00000000e+00 2.77544329e-01 1.11059918e-02 6.45301763e-01 5.70055765e-01]
 [1.40000000e+01 2.69658054e-01 9.19060069e-02 6.58066377e-01 5.16344057e-01]
 [7.00000000e+00 5.15278805e-01 3.64950176e-01 8.78272373e-01 0.00000000e+00]]
parameters
[[3.51510233e+07 1.00000000e-18 8.12115680e-19 4.91798518e-06]
 [4.25422491e+07 4.33131272e-18 8.80733448e-19 4.38897747e-06]
 [3.22297179e+07 1.00000000e-18 9.61704181e-19 4.02839841e-06]
 [4.26300309e+07 1.67819212e-18 8.86734466e-19 3.92932575e-06]
 [3.01190497e+07 1.00000000e-18 9.40862298e-19 4.32271038e-06]
 [3.63954917e+07 1.19803383e-18 1.01598221e-18 4.73255413e-06]
 [2.53548308e+07 1.00000000e-18 1.00924097e-18 4.30518832e-06]
 [3.37983780e+07 1.00000000e-18 9.19179852e-19 3.76953810e-06]
 [5.00000000e+07 1.00000000e-18 1.03169313e-18 4.66181317e-06]
 [3.44741648e+07 1.06652945e-18 9.55706652e-19 3.91668230e-06]
 [3.28392702e+07 1.00000000e-18 9.82920187e-19 3.90092177e-06]
 [2.50359797e+07 1.00000000e-18 9.56992045e-19 4.03855532e-06]
 [3.19255154e+07 1.42362461e-18 9.40511887e-19 4.42367405e-06]
 [4.01528901e+07 6.53624186e-18 8.00000000e-19 2.43166712e-06]
 [3.53849368e+07 2.73549026e-18 9.29448867e-19 2.84823969e-06]
 [1.00000000e+07 8.52903798e-18 1.19044344e-18 5.00000000e-06]
 [1.95162271e+07 2.79209925e-18 1.50000000e-18 4.14679671e-06]
 [2.11017732e+07 1.09995393e-18 1.25171123e-18 3.28022306e-06]
 [2.07863222e+07 1.82715406e-18 1.26064646e-18 3.06537623e-06]
 [3.06111522e+07 4.28455158e-18 1.41479066e-18 1.00000000e-06]]
fitnesses
[ 45.75589536  36.79792043  30.00019341  38.4088306   27.07635708  54.20982196  27.80287245  27.73010009 104.59627894  34.13745877  35.08693846  34.35136509  27.443521    37.5832884   30.37253636  67.78734399  54.05633911  37.27956809  36.75003359  84.16255805]
velocities
[[-0.09154442  0.         -0.03870999  0.26323448]
 [-0.07268407 -0.16782892  0.09495234 -0.02936428]
 [-0.13348395  0.          0.18450414 -0.1940042 ]
 [-0.00528877  0.01263151  0.00987936  0.02740361]
 [-0.0766405   0.         -0.05580545  0.04927139]
 [ 0.15951963 -0.0679771  -0.04133749  0.1485379 ]
 [ 0.25878691  0.         -0.18227662 -0.06051208]
 [ 0.11966702  0.         -0.05028096  0.01334361]
 [ 0.          0.          0.08247473  0.07345763]
 [-0.01425067 -0.00094929  0.01789949  0.03030608]
 [ 0.14061919  0.          0.20995341 -0.22076384]
 [ 0.37589949  0.          0.13617484 -0.14629473]
 [ 0.08385452 -0.06657804  0.00997173  0.00225645]
 [ 0.09526904  0.27513169  0.         -0.3277763 ]
 [ 0.1560387   0.08957    -0.00838128 -0.53794008]
 [ 0.          0.83655978  0.37685911  0.        ]
 [-0.17273163  0.19912214  0.          0.06338196]
 [-0.3057995  -0.04358555  0.64530176 -0.41453049]
 [ 0.17283079 -0.1133782   0.0958426   0.36064622]
 [ 0.18292556  0.36495018  0.87827237  0.        ]]
local Best
[30.38257572 31.78551663 28.36653568 27.72004089 27.07635708 28.08491463 27.80287245 27.09913336 45.70501068 30.87738153 26.93872373 34.35136509 27.443521   30.34082975 28.13569598 40.72090996 38.70801289 31.57973689 36.75003359 59.93504765]
posPBest
[[0.72032    0.09068197 0.05601811 0.71626182]
 [0.8862403  0.53797477 0.02038116 0.87660865]
 [0.6101978  0.         0.16387505 0.82768707]
 [0.36503316 0.1052914  0.33039572 0.96760927]
 [0.50297624 0.         0.20123185 0.83067759]
 [0.43175651 0.06490553 0.24184531 0.71604839]
 [0.38387077 0.         0.29891567 0.82629708]
 [0.47529243 0.         0.22053789 0.67904091]
 [0.67476615 0.         0.24851546 0.84199566]
 [0.60576656 0.00505147 0.0952645  0.62238113]
 [0.52864667 0.         0.19810557 0.79169404]
 [0.37589949 0.         0.22427435 0.75963883]
 [0.54813788 0.0470694  0.20073127 0.85591851]
 [1.         1.         0.00826396 0.1930382 ]
 [0.49517019 0.2805983  0.22642664 0.22840971]
 [0.16954405 0.62039754 0.44617956 1.        ]
 [0.11958593 0.15666236 0.78841691 0.81300691]
 [0.33963795 0.06782463 0.29230855 0.80567716]
 [0.26965805 0.09190601 0.65806638 0.51634406]
 [0.48951503 0.29066421 0.55054858 0.27190232]]
gBest
26.938723728546528
posGBest
[0.52864667 0.         0.19810557 0.79169404] corresponding parameters:[3.11458666e+07 1.00000000e-18 9.38673900e-19 4.16677614e-06]
##################################################
Generation 9
pid and points
[[8.00000000e+00 6.21031557e-01 1.06544267e-01 1.50944847e-01 7.09873887e-01]
 [1.50000000e+01 4.79744353e-01 0.00000000e+00 2.18653824e-01 7.80420759e-01]
 [1.80000000e+01 6.64176119e-01 0.00000000e+00 1.02548998e-01 7.60065384e-01]
 [1.10000000e+01 5.72353983e-01 0.00000000e+00 2.03294772e-01 7.91143369e-01]
 [1.40000000e+01 7.30530153e-01 0.00000000e+00 4.60304776e-02 1.00000000e+00]
 [1.90000000e+01 3.39124096e-01 0.00000000e+00 1.90920151e-01 7.84645570e-01]
 [2.00000000e+00 7.01284863e-01 2.03140313e-01 1.69222277e-01 8.20977322e-01]
 [1.70000000e+01 5.00067056e-01 0.00000000e+00 1.68203822e-01 8.00699994e-01]
 [1.00000000e+01 5.95815541e-01 0.00000000e+00 1.86600017e-01 8.62760983e-01]
 [2.00000000e+01 6.40509760e-01 2.98513799e-01 1.58518270e-01 5.12191362e-01]
 [9.00000000e+00 5.83422003e-01 0.00000000e+00 2.79888636e-01 7.05699986e-01]
 [1.30000000e+01 7.02845510e-01 0.00000000e+00 2.82624334e-01 6.99858660e-01]
 [6.00000000e+00 4.76972138e-01 0.00000000e+00 1.06395061e-01 7.62494202e-01]
 [1.20000000e+01 1.61105796e-01 1.04300791e-01 4.14996142e-01 1.00000000e+00]
 [1.00000000e+00 6.66660346e-01 6.10489954e-01 4.50526577e-01 8.29014027e-01]
 [1.60000000e+01 4.72228408e-01 0.00000000e+00 3.17029168e-01 6.66647100e-01]
 [3.00000000e+00 3.67416299e-01 1.62388141e-02 3.40615041e-01 7.00707312e-01]
 [4.00000000e+00 2.07363586e-01 2.55331772e-01 6.97576888e-01 8.33452072e-01]
 [7.00000000e+00 5.78998270e-01 4.40641665e-01 8.66457456e-01 4.13194426e-01]
 [5.00000000e+00 5.89576082e-01 2.28117945e-01 2.14452833e-01 1.00192690e-01]]
parameters
[[3.48412623e+07 1.95889840e-18 9.05661393e-19 3.83949555e-06]
 [2.91897741e+07 1.00000000e-18 9.53057676e-19 4.12168304e-06]
 [3.65670448e+07 1.00000000e-18 8.71784298e-19 4.04026154e-06]
 [3.28941593e+07 1.00000000e-18 9.42306340e-19 4.16457348e-06]
 [3.92212061e+07 1.00000000e-18 8.32221334e-19 5.00000000e-06]
 [2.35649638e+07 1.00000000e-18 9.33644106e-19 4.13858228e-06]
 [3.80513945e+07 2.82826281e-18 9.18455594e-19 4.28390929e-06]
 [3.00026822e+07 1.00000000e-18 9.17742675e-19 4.20279998e-06]
 [3.38326216e+07 1.00000000e-18 9.30620012e-19 4.45104393e-06]
 [3.56203904e+07 3.68662419e-18 9.10962789e-19 3.04876545e-06]
 [3.33368801e+07 1.00000000e-18 9.95922045e-19 3.82279995e-06]
 [3.81138204e+07 1.00000000e-18 9.97837033e-19 3.79943464e-06]
 [2.90788855e+07 1.00000000e-18 8.74476543e-19 4.04997681e-06]
 [1.64442318e+07 1.93870712e-18 1.09049730e-18 5.00000000e-06]
 [3.66664138e+07 6.49440959e-18 1.11536860e-18 4.31605611e-06]
 [2.88891363e+07 1.00000000e-18 1.02192042e-18 3.66658840e-06]
 [2.46966520e+07 1.14614933e-18 1.03843053e-18 3.80282925e-06]
 [1.82945434e+07 3.29798595e-18 1.28830382e-18 4.33380829e-06]
 [3.31599308e+07 4.96577499e-18 1.40652022e-18 2.65277770e-06]
 [3.35830433e+07 3.05306151e-18 9.50116983e-19 1.40077076e-06]]
fitnesses
[ 27.78050785  27.02798363  28.43087919  28.82189228  31.71839627  44.02394375  35.1087886   29.41435872  29.15128188  28.36546833  39.23311419  55.35191601  41.45325767  44.32898153  78.46800528  31.03278339  27.93131885  35.21351479 113.13267345  29.01351079]
velocities
[[-0.00774403  0.10654427  0.13363673 -0.26962241]
 [-0.1152151   0.          0.04839689  0.08803623]
 [ 0.28030535  0.         -0.19636668 -0.0662317 ]
 [ 0.0242161   0.          0.0025635  -0.06477514]
 [ 0.4608721   0.         -0.6120359   0.        ]
 [-0.6608759   0.         -0.14007004 -0.13080772]
 [-0.11227137 -0.16700554  0.05388878 -0.02626705]
 [-0.00290919  0.         -0.03302803 -0.0299776 ]
 [-0.06407175  0.         -0.121946   -0.07037755]
 [-0.11331249 -0.31662419  0.15851827  0.15427458]
 [ 0.01244025  0.          0.01857408 -0.01953046]
 [ 0.32694602  0.          0.05834998 -0.05978017]
 [-0.13488198  0.         -0.11604301  0.03332363]
 [-0.65464498  0.02894611  0.29108976  0.        ]
 [ 0.66666035 -0.22606982 -0.10724976 -0.17098597]
 [-0.08351454  0.          0.0860232  -0.0904525 ]
 [ 0.08987197  0.00513282 -0.30468672  0.13065155]
 [-0.03054209  0.05620963 -0.30242311  0.04675289]
 [ 0.06371947  0.07569149 -0.01181492  0.41319443]
 [-0.04504734  0.03528569  0.02952588 -0.36186723]]
local Best
[27.78050785 27.02798363 27.80287245 27.443521   31.71839627 44.02394375 31.78551663 27.07635708 28.08491463 28.36546833 26.93872373 34.35136509 30.87738153 27.72004089 40.72090996 28.36653568 27.93131885 35.21351479 59.93504765 28.13569598]
posPBest
[[0.62103156 0.10654427 0.15094485 0.70987389]
 [0.47974435 0.         0.21865382 0.78042076]
 [0.38387077 0.         0.29891567 0.82629708]
 [0.54813788 0.0470694  0.20073127 0.85591851]
 [0.73053015 0.         0.04603048 1.        ]
 [0.3391241  0.         0.19092015 0.78464557]
 [0.8862403  0.53797477 0.02038116 0.87660865]
 [0.50297624 0.         0.20123185 0.83067759]
 [0.43175651 0.06490553 0.24184531 0.71604839]
 [0.64050976 0.2985138  0.15851827 0.51219136]
 [0.52864667 0.         0.19810557 0.79169404]
 [0.37589949 0.         0.22427435 0.75963883]
 [0.60576656 0.00505147 0.0952645  0.62238113]
 [0.36503316 0.1052914  0.33039572 0.96760927]
 [0.16954405 0.62039754 0.44617956 1.        ]
 [0.6101978  0.         0.16387505 0.82768707]
 [0.3674163  0.01623881 0.34061504 0.70070731]
 [0.20736359 0.25533177 0.69757689 0.83345207]
 [0.48951503 0.29066421 0.55054858 0.27190232]
 [0.49517019 0.2805983  0.22642664 0.22840971]]
gBest
26.938723728546528
posGBest
[0.52864667 0.         0.19810557 0.79169404] corresponding parameters:[3.11458666e+07 1.00000000e-18 9.38673900e-19 4.16677614e-06]
##################################################
Generation 10
pid and points
[[1.40000000e+01 7.17579785e-01 0.00000000e+00 0.00000000e+00 7.00369587e-01]
 [7.00000000e+00 5.49745510e-01 0.00000000e+00 0.00000000e+00 1.00000000e+00]
 [1.70000000e+01 5.38747388e-01 0.00000000e+00 1.91172434e-01 7.70478787e-01]
 [3.00000000e+00 4.95919914e-01 1.70698381e-02 8.30725990e-03 8.50844250e-01]
 [2.00000000e+00 7.05584424e-01 2.88878525e-01 8.73445463e-02 8.38405954e-01]
 [1.10000000e+01 5.54348164e-01 2.35024949e-02 2.01060782e-01 7.71459263e-01]
 [1.60000000e+01 6.01353172e-01 0.00000000e+00 9.27738581e-02 9.02449245e-01]
 [1.80000000e+01 7.75660711e-01 0.00000000e+00 2.46443582e-02 7.33597298e-01]
 [6.00000000e+00 3.96229349e-01 7.27900667e-04 4.24566231e-02 7.87350941e-01]
 [1.50000000e+01 4.00417831e-01 0.00000000e+00 2.51972658e-01 8.62101057e-01]
 [1.30000000e+01 6.50737152e-01 0.00000000e+00 2.64088509e-01 7.19755483e-01]
 [1.90000000e+01 1.18406948e-01 0.00000000e+00 1.20495441e-01 7.19120224e-01]
 [9.00000000e+00 4.69366766e-01 0.00000000e+00 1.09596907e-01 8.84759983e-01]
 [2.00000000e+01 4.57264166e-01 0.00000000e+00 3.38633768e-01 8.44630815e-01]
 [1.00000000e+00 8.78903295e-01 2.36264494e-01 2.83733085e-01 7.62686712e-01]
 [1.20000000e+01 3.96882896e-01 9.78006347e-05 2.53216539e-01 7.26682267e-01]
 [5.00000000e+00 4.05183807e-01 2.80387674e-02 2.27596242e-01 7.47132167e-01]
 [1.00000000e+01 3.91071379e-01 5.24747915e-02 1.69381716e-01 6.66411430e-01]
 [8.00000000e+00 4.87165886e-01 6.17641705e-02 3.42369006e-01 5.66011269e-01]
 [4.00000000e+00 1.92883510e-01 2.89177745e-01 4.75348234e-01 8.65258718e-01]]
parameters
[[3.87031914e+07 1.00000000e-18 8.00000000e-19 3.80147835e-06]
 [3.19898204e+07 1.00000000e-18 8.00000000e-19 5.00000000e-06]
 [3.15498955e+07 1.00000000e-18 9.33820704e-19 4.08191515e-06]
 [2.98367966e+07 1.15362854e-18 8.05815082e-19 4.40337700e-06]
 [3.82233770e+07 3.59990672e-18 8.61141182e-19 4.35362382e-06]
 [3.21739265e+07 1.21152245e-18 9.40742548e-19 4.08583705e-06]
 [3.40541269e+07 1.00000000e-18 8.64941701e-19 4.60979698e-06]
 [4.10264284e+07 1.00000000e-18 8.17251051e-19 3.93438919e-06]
 [2.58491740e+07 1.00655111e-18 8.29719636e-19 4.14940376e-06]
 [2.60167133e+07 1.00000000e-18 9.76380861e-19 4.44840423e-06]
 [3.60294861e+07 1.00000000e-18 9.84861956e-19 3.87902193e-06]
 [1.47362779e+07 1.00000000e-18 8.84346809e-19 3.87648090e-06]
 [2.87746706e+07 1.00000000e-18 8.76717835e-19 4.53903993e-06]
 [2.82905667e+07 1.00000000e-18 1.03704364e-18 4.37852326e-06]
 [4.51561318e+07 3.12638045e-18 9.98613160e-19 4.05074685e-06]
 [2.58753159e+07 1.00088021e-18 9.77251577e-19 3.90672907e-06]
 [2.62073523e+07 1.25234891e-18 9.59317369e-19 3.98852867e-06]
 [2.56428552e+07 1.47227312e-18 9.18567201e-19 3.66564572e-06]
 [2.94866354e+07 1.55587753e-18 1.03965830e-18 3.26404508e-06]
 [1.77153404e+07 3.60259970e-18 1.13274376e-18 4.46103487e-06]]
fitnesses
[41.14483006 60.0582562  26.97849985 64.23907422 29.05443602 27.60484661 31.92852359 32.0406521  68.12105358 29.19336177 45.23819918 99.31671584 41.82013377 31.91170865 77.96339802 29.51711055 31.10646394 40.75884483 35.14334775 36.21620767]
velocities
[[-0.01295037  0.          0.         -0.29963041]
 [-0.02925276  0.          0.          0.        ]
 [ 0.03868033  0.          0.02296861 -0.03022121]
 [ 0.12850362  0.00083102 -0.33230778  0.15013694]
 [ 0.00429956  0.08573821 -0.08187773  0.01742863]
 [-0.01800582  0.02350249 -0.00223399 -0.01968411]
 [ 0.12912476  0.         -0.22425531  0.23580215]
 [ 0.11148459  0.         -0.07790464 -0.02646809]
 [-0.08074279  0.0007279  -0.06393844  0.02485674]
 [-0.07932652  0.          0.03331883  0.0816803 ]
 [-0.05210836  0.         -0.01853582  0.01989682]
 [-0.22071715  0.         -0.07042471 -0.06552535]
 [-0.11405524  0.         -0.17029173  0.17906   ]
 [-0.18324559  0.          0.1801155   0.33243945]
 [ 0.21224295 -0.37422546 -0.16679349 -0.06632731]
 [ 0.2357771  -0.10420299 -0.1617796  -0.27331773]
 [-0.18439228 -0.20007918  0.01314341  0.64693948]
 [-0.20474416  0.05247479 -0.0172183  -0.19634955]
 [-0.13386567 -0.0447801   0.19142416 -0.14386262]
 [-0.01448008  0.03384597 -0.22222865  0.03180665]]
local Best
[31.71839627 59.93504765 26.97849985 27.93131885 29.05443602 27.443521   28.36653568 27.80287245 30.87738153 27.02798363 34.35136509 44.02394375 26.93872373 28.36546833 40.72090996 27.72004089 28.13569598 28.08491463 27.78050785 35.21351479]
posPBest
[[0.73053015 0.         0.04603048 1.        ]
 [0.48951503 0.29066421 0.55054858 0.27190232]
 [0.53874739 0.         0.19117243 0.77047879]
 [0.3674163  0.01623881 0.34061504 0.70070731]
 [0.70558442 0.28887852 0.08734455 0.83840595]
 [0.54813788 0.0470694  0.20073127 0.85591851]
 [0.6101978  0.         0.16387505 0.82768707]
 [0.38387077 0.         0.29891567 0.82629708]
 [0.60576656 0.00505147 0.0952645  0.62238113]
 [0.47974435 0.         0.21865382 0.78042076]
 [0.37589949 0.         0.22427435 0.75963883]
 [0.3391241  0.         0.19092015 0.78464557]
 [0.52864667 0.         0.19810557 0.79169404]
 [0.64050976 0.2985138  0.15851827 0.51219136]
 [0.16954405 0.62039754 0.44617956 1.        ]
 [0.36503316 0.1052914  0.33039572 0.96760927]
 [0.49517019 0.2805983  0.22642664 0.22840971]
 [0.43175651 0.06490553 0.24184531 0.71604839]
 [0.62103156 0.10654427 0.15094485 0.70987389]
 [0.20736359 0.25533177 0.69757689 0.83345207]]
gBest
26.938723728546528
posGBest
[0.52864667 0.         0.19810557 0.79169404] corresponding parameters:[3.11458666e+07 1.00000000e-18 9.38673900e-19 4.16677614e-06]
##################################################
Generation 11
pid and points
[[1.70000000e+01 5.57925811e-01 0.00000000e+00 2.21679780e-01 7.75193936e-01]
 [1.60000000e+01 6.38547704e-01 0.00000000e+00 8.75903582e-02 9.07899642e-01]
 [1.50000000e+01 5.33463248e-01 0.00000000e+00 1.96083952e-01 7.75898036e-01]
 [2.00000000e+00 6.95182310e-01 3.13266418e-01 5.22393554e-02 8.44222940e-01]
 [1.40000000e+01 6.78144366e-01 0.00000000e+00 4.95992351e-02 6.33329432e-01]
 [1.80000000e+01 5.04028875e-01 0.00000000e+00 2.15015661e-01 7.97727445e-01]
 [9.00000000e+00 5.30558263e-01 0.00000000e+00 2.00959707e-01 7.88692941e-01]
 [1.00000000e+00 6.33579834e-01 0.00000000e+00 7.73466367e-02 7.50997171e-01]
 [6.00000000e+00 5.32287660e-01 3.47683928e-03 1.08954630e-01 7.08836231e-01]
 [1.10000000e+01 5.26439146e-01 2.26577505e-02 1.97793586e-01 7.81397998e-01]
 [1.90000000e+01 4.95100196e-01 0.00000000e+00 2.18774938e-01 8.10711779e-01]
 [1.20000000e+01 5.68639285e-01 4.57295426e-02 2.09162836e-01 8.12839805e-01]
 [2.00000000e+01 6.28510012e-01 3.97675692e-01 1.46260971e-01 5.60131835e-01]
 [8.00000000e+00 5.22430709e-01 3.60466187e-02 2.49811285e-01 6.93729365e-01]
 [1.30000000e+01 2.79521350e-01 0.00000000e+00 1.90199628e-01 7.96205223e-01]
 [4.00000000e+00 2.91016235e-01 2.20939312e-01 2.15966796e-01 8.65565514e-01]
 [1.00000000e+01 3.08652089e-01 8.90072362e-02 2.46668095e-01 5.95263764e-01]
 [5.00000000e+00 4.30573330e-01 1.81759514e-01 2.24248003e-01 5.94136821e-01]
 [3.00000000e+00 4.58613345e-01 0.00000000e+00 4.50223286e-01 6.84670430e-01]
 [7.00000000e+00 4.31382518e-01 3.70525468e-01 8.81103705e-01 0.00000000e+00]]
parameters
[[3.23170325e+07 1.00000000e-18 9.55175846e-19 4.10077575e-06]
 [3.55419082e+07 1.00000000e-18 8.61313251e-19 4.63159857e-06]
 [3.13385299e+07 1.00000000e-18 9.37258766e-19 4.10359214e-06]
 [3.78072924e+07 3.81939776e-18 8.36567549e-19 4.37689176e-06]
 [3.71257746e+07 1.00000000e-18 8.34719465e-19 3.53331773e-06]
 [3.01611550e+07 1.00000000e-18 9.50510963e-19 4.19090978e-06]
 [3.12223305e+07 1.00000000e-18 9.40671795e-19 4.15477176e-06]
 [3.53431934e+07 1.00000000e-18 8.54142646e-19 4.00398868e-06]
 [3.12915064e+07 1.03129155e-18 8.76268241e-19 3.83534493e-06]
 [3.10575658e+07 1.20391975e-18 9.38455510e-19 4.12559199e-06]
 [2.98040079e+07 1.00000000e-18 9.53142457e-19 4.24284712e-06]
 [3.27455714e+07 1.41156588e-18 9.46413985e-19 4.25135922e-06]
 [3.51404005e+07 4.57908123e-18 9.02382679e-19 3.24052734e-06]
 [3.08972284e+07 1.32441957e-18 9.74867899e-19 3.77491746e-06]
 [2.11808540e+07 1.00000000e-18 9.33139739e-19 4.18482089e-06]
 [2.16406494e+07 2.98845381e-18 9.51176757e-19 4.46226206e-06]
 [2.23460836e+07 1.80106513e-18 9.72667667e-19 3.38105506e-06]
 [2.72229332e+07 2.63583563e-18 9.56973602e-19 3.37654728e-06]
 [2.83445338e+07 1.00000000e-18 1.11515630e-18 3.73868172e-06]
 [2.72553007e+07 4.33472921e-18 1.41677259e-18 1.00000000e-06]]
fitnesses
[29.3291293  30.46199973 26.9563555  32.45568486 33.13087314 26.82362661 26.9792301  31.83254811 34.87891773 26.89937989 26.81838136 28.927703   27.3763353  28.88125284 53.49242965 47.80485677 40.53126572 29.71667048 45.80061037 66.87651059]
velocities
[[ 1.91784237e-02  0.00000000e+00  3.05073467e-02  4.71514994e-03]
 [ 3.71945321e-02  0.00000000e+00 -5.18349997e-03  5.45039675e-03]
 [ 1.33045417e-01  0.00000000e+00 -5.58887067e-02 -8.62030208e-02]
 [-1.04021143e-02  2.43878929e-02 -3.51051909e-02  5.81698559e-03]
 [-3.94354186e-02  0.00000000e+00  4.95992351e-02 -6.70401545e-02]
 [-2.71631835e-01  0.00000000e+00  1.90371303e-01  6.41301471e-02]
 [ 6.11914972e-02  0.00000000e+00  9.13628001e-02 -9.60670420e-02]
 [-2.45323461e-01  0.00000000e+00 -2.06386449e-01 -1.16895408e-02]
 [ 1.36058312e-01  2.74893861e-03  6.64980072e-02 -7.85147095e-02]
 [-2.79090180e-02 -8.44744401e-04 -3.26719592e-03  9.93873457e-03]
 [ 3.76693248e-01  0.00000000e+00  9.82794969e-02  9.15915548e-02]
 [ 1.71756389e-01  4.56317420e-02 -4.40537029e-02  8.61575385e-02]
 [ 1.71245846e-01  3.97675692e-01 -1.92372797e-01 -2.84498980e-01]
 [ 3.52648229e-02 -2.57175518e-02 -9.25577214e-02  1.27718095e-01]
 [-3.71215801e-01  0.00000000e+00 -7.38888814e-02  7.64497404e-02]
 [ 9.81327258e-02 -6.82384327e-02 -2.59381438e-01  3.06796495e-04]
 [-8.24192899e-02  3.65324447e-02  7.72863798e-02 -7.11476656e-02]
 [ 2.53895236e-02  1.53720747e-01 -3.34823954e-03 -1.52995346e-01]
 [-3.73065696e-02  0.00000000e+00  4.41916027e-01 -1.66173819e-01]
 [-1.18362992e-01  3.70525468e-01  8.81103705e-01  0.00000000e+00]]
local Best
[26.97849985 28.36653568 26.9563555  29.05443602 31.71839627 26.82362661 26.93872373 31.83254811 30.87738153 26.89937989 26.81838136 27.72004089 27.3763353  27.78050785 34.35136509 35.21351479 28.08491463 28.13569598 27.93131885 59.93504765]
posPBest
[[0.53874739 0.         0.19117243 0.77047879]
 [0.6101978  0.         0.16387505 0.82768707]
 [0.53346325 0.         0.19608395 0.77589804]
 [0.70558442 0.28887852 0.08734455 0.83840595]
 [0.73053015 0.         0.04603048 1.        ]
 [0.50402888 0.         0.21501566 0.79772745]
 [0.52864667 0.         0.19810557 0.79169404]
 [0.63357983 0.         0.07734664 0.75099717]
 [0.60576656 0.00505147 0.0952645  0.62238113]
 [0.52643915 0.02265775 0.19779359 0.781398  ]
 [0.4951002  0.         0.21877494 0.81071178]
 [0.36503316 0.1052914  0.33039572 0.96760927]
 [0.62851001 0.39767569 0.14626097 0.56013184]
 [0.62103156 0.10654427 0.15094485 0.70987389]
 [0.37589949 0.         0.22427435 0.75963883]
 [0.20736359 0.25533177 0.69757689 0.83345207]
 [0.43175651 0.06490553 0.24184531 0.71604839]
 [0.49517019 0.2805983  0.22642664 0.22840971]
 [0.3674163  0.01623881 0.34061504 0.70070731]
 [0.48951503 0.29066421 0.55054858 0.27190232]]
gBest
26.818381363935544
posGBest
[0.4951002  0.         0.21877494 0.81071178] corresponding parameters:[2.98040079e+07 1.00000000e-18 9.53142457e-19 4.24284712e-06]
##################################################
Generation 12
pid and points
[[1.50000000e+01 5.91655851e-01 0.00000000e+00 1.77511665e-01 7.47086870e-01]
 [1.10000000e+01 4.88118282e-01 1.37548378e-02 2.02099469e-01 8.01519369e-01]
 [8.00000000e+00 5.50887944e-01 4.75342136e-03 1.07470016e-01 9.36636338e-01]
 [1.70000000e+01 4.85230250e-01 0.00000000e+00 2.35551912e-01 8.25343031e-01]
 [1.00000000e+00 4.65116500e-01 0.00000000e+00 1.20970187e-02 7.62631760e-01]
 [1.00000000e+01 5.19268109e-01 1.69617297e-02 2.73360954e-01 8.36900187e-01]
 [1.30000000e+01 8.90193669e-02 0.00000000e+00 1.47375411e-01 8.56857806e-01]
 [1.20000000e+01 5.98089521e-01 4.32243139e-02 2.00408101e-01 8.75878320e-01]
 [1.40000000e+01 4.89893589e-01 0.00000000e+00 2.63834810e-01 1.00000000e+00]
 [2.00000000e+01 6.93037810e-01 5.06868901e-01 3.79788434e-02 4.66319617e-01]
 [6.00000000e+00 7.16931120e-01 4.12480723e-03 2.85082083e-01 6.39516697e-01]
 [1.90000000e+01 7.42555129e-01 0.00000000e+00 2.83336080e-01 8.70879520e-01]
 [2.00000000e+00 3.95926450e-01 0.00000000e+00 2.61345084e-01 8.01006454e-01]
 [5.00000000e+00 5.50287234e-01 2.89283248e-02 2.15027694e-01 7.41258757e-01]
 [1.60000000e+01 4.49347870e-01 0.00000000e+00 2.91398792e-01 7.53902802e-01]
 [4.00000000e+00 4.88715735e-01 0.00000000e+00 3.61126477e-01 7.94050712e-01]
 [1.80000000e+01 3.39753310e-01 0.00000000e+00 3.30023688e-01 8.37048717e-01]
 [9.00000000e+00 5.14599911e-01 0.00000000e+00 2.82091415e-01 7.63833521e-01]
 [7.00000000e+00 4.67871894e-01 2.26036625e-01 5.67157334e-01 8.24834006e-01]
 [3.00000000e+00 4.57058042e-01 6.70161930e-04 5.44698973e-01 6.72425340e-01]]
parameters
[[3.36662340e+07 1.00000000e-18 9.24258165e-19 3.98834748e-06]
 [2.95247313e+07 1.12379354e-18 9.41469629e-19 4.20607748e-06]
 [3.20355178e+07 1.04278079e-18 8.75229011e-19 4.74654535e-06]
 [2.94092100e+07 1.00000000e-18 9.64886338e-19 4.30137212e-06]
 [2.86046600e+07 1.00000000e-18 8.08467913e-19 4.05052704e-06]
 [3.07707244e+07 1.15265557e-18 9.91352668e-19 4.34760075e-06]
 [1.35607747e+07 1.00000000e-18 9.03162788e-19 4.42743122e-06]
 [3.39235808e+07 1.38901883e-18 9.40285671e-19 4.50351328e-06]
 [2.95957436e+07 1.00000000e-18 9.84684367e-19 5.00000000e-06]
 [3.77215124e+07 5.56182011e-18 8.26585190e-19 2.86527847e-06]
 [3.86772448e+07 1.03712327e-18 9.99557458e-19 3.55806679e-06]
 [3.97022052e+07 1.00000000e-18 9.98335256e-19 4.48351808e-06]
 [2.58370580e+07 1.00000000e-18 9.82941559e-19 4.20402582e-06]
 [3.20114893e+07 1.26035492e-18 9.50519386e-19 3.96503503e-06]
 [2.79739148e+07 1.00000000e-18 1.00397915e-18 4.01561121e-06]
 [2.95486294e+07 1.00000000e-18 1.05278853e-18 4.17620285e-06]
 [2.35901324e+07 1.00000000e-18 1.03101658e-18 4.34819487e-06]
 [3.05839964e+07 1.00000000e-18 9.97463990e-19 4.05533408e-06]
 [2.87148758e+07 3.03432963e-18 1.19701013e-18 4.29933602e-06]
 [2.82823217e+07 1.00603146e-18 1.18128928e-18 3.68970136e-06]]
fitnesses
[ 28.07554517  27.47921831  33.63069906  26.81627609  66.95221125  31.15829063 100.54324428  30.39423642  28.23120051  34.3480211   57.58636478  60.90623726  28.9285175   28.14179752  27.52716461  38.49070374  29.10721584  31.6558787   62.11580614  57.83369902]
velocities
[[ 5.81926025e-02  0.00000000e+00 -1.85722870e-02 -2.88111665e-02]
 [-3.83208639e-02 -8.90291277e-03  4.30588310e-03  2.01213710e-02]
 [ 2.84572355e-02 -3.12931973e-02 -1.42341268e-01  2.42906973e-01]
 [-7.26955612e-02  0.00000000e+00  1.38721313e-02  5.01490943e-02]
 [-1.68463334e-01  0.00000000e+00 -6.52496180e-02  1.16345888e-02]
 [ 2.10616020e-01 -7.20455065e-02  2.66928588e-02  2.41636423e-01]
 [-1.90501984e-01  0.00000000e+00 -4.28242164e-02  6.06525830e-02]
 [ 2.94502356e-02 -2.50522870e-03 -8.75473450e-03  6.30385145e-02]
 [-1.88250777e-01  0.00000000e+00  2.14235575e-01  0.00000000e+00]
 [ 6.45277978e-02  1.09193208e-01 -1.08282127e-01 -9.38122186e-02]
 [ 1.84643459e-01  6.47967956e-04  1.76127453e-01 -6.93195341e-02]
 [ 2.47454933e-01  0.00000000e+00  6.45611420e-02  6.01677417e-02]
 [-2.99255860e-01  0.00000000e+00  2.09105728e-01 -4.32164852e-02]
 [ 1.19713903e-01 -1.52831190e-01 -9.22030889e-03  1.47121936e-01]
 [-1.89199835e-01  0.00000000e+00  2.03808434e-01 -1.53996840e-01]
 [ 1.97699499e-01  0.00000000e+00  1.45159680e-01 -7.15148021e-02]
 [-1.64275566e-01  0.00000000e+00  1.15008027e-01  3.93212717e-02]
 [-1.59583521e-02  0.00000000e+00  8.11317082e-02 -2.48594206e-02]
 [ 3.64893763e-02 -1.44488843e-01 -3.13946371e-01  8.24834006e-01]
 [-1.55530279e-03  6.70161930e-04  9.44756866e-02 -1.22450907e-02]]
local Best
[26.9563555  26.89937989 27.78050785 26.81627609 31.83254811 28.08491463 34.35136509 27.72004089 28.23120051 27.3763353  30.87738153 26.81838136 28.9285175  28.13569598 27.52716461 35.21351479 26.82362661 26.93872373 59.93504765 27.93131885]
posPBest
[[0.53346325 0.         0.19608395 0.77589804]
 [0.52643915 0.02265775 0.19779359 0.781398  ]
 [0.62103156 0.10654427 0.15094485 0.70987389]
 [0.48523025 0.         0.23555191 0.82534303]
 [0.63357983 0.         0.07734664 0.75099717]
 [0.43175651 0.06490553 0.24184531 0.71604839]
 [0.37589949 0.         0.22427435 0.75963883]
 [0.36503316 0.1052914  0.33039572 0.96760927]
 [0.48989359 0.         0.26383481 1.        ]
 [0.62851001 0.39767569 0.14626097 0.56013184]
 [0.60576656 0.00505147 0.0952645  0.62238113]
 [0.4951002  0.         0.21877494 0.81071178]
 [0.39592645 0.         0.26134508 0.80100645]
 [0.49517019 0.2805983  0.22642664 0.22840971]
 [0.44934787 0.         0.29139879 0.7539028 ]
 [0.20736359 0.25533177 0.69757689 0.83345207]
 [0.50402888 0.         0.21501566 0.79772745]
 [0.52864667 0.         0.19810557 0.79169404]
 [0.48951503 0.29066421 0.55054858 0.27190232]
 [0.3674163  0.01623881 0.34061504 0.70070731]]
gBest
26.816276092530064
posGBest
[0.48523025 0.         0.23555191 0.82534303] corresponding parameters:[2.94092100e+07 1.00000000e-18 9.64886338e-19 4.30137212e-06]
##################################################
Generation 13
pid and points
[[7.00000000e+00 5.21465288e-01 0.00000000e+00 3.48497063e-02 1.00000000e+00]
 [1.10000000e+01 5.20009033e-01 2.11234915e-02 1.98618340e-01 7.84843142e-01]
 [1.80000000e+01 5.07334494e-01 0.00000000e+00 2.16350177e-01 8.08371972e-01]
 [1.50000000e+01 4.89802356e-01 0.00000000e+00 2.37863134e-01 8.27083240e-01]
 [1.90000000e+01 6.56373762e-01 0.00000000e+00 2.66416253e-01 8.54822364e-01]
 [8.00000000e+00 5.55674386e-01 7.03620105e-02 1.99263345e-01 7.74394783e-01]
 [1.30000000e+01 3.92117520e-01 0.00000000e+00 2.15543144e-01 8.65268718e-01]
 [1.00000000e+01 5.58491009e-01 0.00000000e+00 2.31313494e-01 8.88945509e-01]
 [2.00000000e+01 5.12944794e-01 8.71570887e-02 2.28246432e-01 7.70290990e-01]
 [3.00000000e+00 4.54212017e-01 7.09659346e-03 9.41426884e-02 8.83731516e-01]
 [1.20000000e+01 4.64929960e-01 5.33654422e-02 2.69855219e-01 9.52860094e-01]
 [1.70000000e+01 4.31618875e-01 0.00000000e+00 2.45782303e-01 8.62326883e-01]
 [6.00000000e+00 6.49126616e-01 3.06602075e-03 2.48611150e-01 6.71530077e-01]
 [1.00000000e+00 3.65794714e-01 0.00000000e+00 5.23724554e-02 7.92896034e-01]
 [9.00000000e+00 4.98177251e-01 0.00000000e+00 3.25209134e-01 7.60056352e-01]
 [5.00000000e+00 5.51438827e-01 1.40126416e-01 2.26918375e-01 4.24156519e-01]
 [1.40000000e+01 3.07404986e-01 0.00000000e+00 4.27170177e-01 7.69432238e-01]
 [2.00000000e+00 2.16895784e-01 0.00000000e+00 4.06673584e-01 7.81474022e-01]
 [1.60000000e+01 2.83609377e-01 0.00000000e+00 4.60194462e-01 6.42926606e-01]
 [4.00000000e+00 3.11372959e-01 2.91822789e-01 6.78973169e-01 8.29045670e-01]]
parameters
[[3.08586115e+07 1.00000000e-18 8.24394794e-19 5.00000000e-06]
 [3.08003613e+07 1.19011142e-18 9.39032838e-19 4.13937257e-06]
 [3.02933798e+07 1.00000000e-18 9.51445124e-19 4.23348789e-06]
 [2.95920942e+07 1.00000000e-18 9.66504193e-19 4.30833296e-06]
 [3.62549505e+07 1.00000000e-18 9.86491377e-19 4.41928946e-06]
 [3.22269754e+07 1.63325809e-18 9.39484341e-19 4.09757913e-06]
 [2.56847008e+07 1.00000000e-18 9.50880201e-19 4.46107487e-06]
 [3.23396403e+07 1.00000000e-18 9.61919446e-19 4.55578204e-06]
 [3.05177918e+07 1.78441380e-18 9.59772502e-19 4.08116396e-06]
 [2.81684807e+07 1.06386934e-18 8.65899882e-19 4.53492606e-06]
 [2.85971984e+07 1.48028898e-18 9.88898653e-19 4.81144037e-06]
 [2.72647550e+07 1.00000000e-18 9.72047612e-19 4.44930753e-06]
 [3.59650647e+07 1.02759419e-18 9.74027805e-19 3.68612031e-06]
 [2.46317886e+07 1.00000000e-18 8.36660719e-19 4.17158414e-06]
 [2.99270900e+07 1.00000000e-18 1.02764639e-18 4.04022541e-06]
 [3.20575531e+07 2.26113775e-18 9.58842862e-19 2.69662608e-06]
 [2.22961994e+07 1.00000000e-18 1.09901912e-18 4.07772895e-06]
 [1.86758313e+07 1.00000000e-18 1.08467151e-18 4.12589609e-06]
 [2.13443751e+07 1.00000000e-18 1.12213612e-18 3.57170642e-06]
 [2.24549184e+07 3.62640510e-18 1.27528122e-18 4.31618268e-06]]
fitnesses
[53.36878639 26.90022663 26.85735563 26.92223335 46.50405797 27.50515537 33.56756344 30.4742909  27.09285518 47.11084173 27.17862273 27.6583244  42.32251941 70.05233115 34.98697647 28.34415667 29.37070403 36.76121519 30.63763065 45.23086703]
velocities
[[ 0.05359339  0.         -0.53230763  0.        ]
 [ 0.03189075  0.00736865 -0.00348113 -0.01667623]
 [ 0.16758118  0.         -0.11367351 -0.02867674]
 [-0.10185349  0.          0.06035147  0.07999637]
 [-0.08618137  0.         -0.01691983 -0.01605716]
 [ 0.00478644  0.06560859  0.09179333 -0.16224155]
 [ 0.30309815  0.          0.06816773  0.00841091]
 [ 0.0392229   0.         -0.04204746  0.05204532]
 [-0.18009302 -0.41971181  0.19026759  0.30397137]
 [-0.00284602  0.00642643 -0.45055628  0.21130618]
 [-0.13315956  0.01014113  0.06944712  0.07698177]
 [-0.05361138  0.          0.01023039  0.03698385]
 [-0.0678045  -0.00105879 -0.03647093  0.03201338]
 [-0.09932179  0.          0.04027544  0.03026427]
 [-0.01642266  0.          0.04311772 -0.00377717]
 [ 0.00115159  0.11119809  0.01189068 -0.31710224]
 [-0.1824886   0.          0.16333537 -0.23056776]
 [-0.17903067  0.          0.1453285  -0.01953243]
 [-0.16573849  0.          0.16879567 -0.1109762 ]
 [-0.17734278  0.29182279  0.31784669  0.03499496]]
local Best
[53.36878639 26.89937989 26.82362661 26.92223335 26.81838136 27.50515537 33.56756344 28.08491463 27.09285518 27.93131885 27.17862273 26.81627609 30.87738153 31.83254811 26.93872373 28.13569598 28.23120051 28.9285175  27.52716461 35.21351479]
posPBest
[[0.52146529 0.         0.03484971 1.        ]
 [0.52643915 0.02265775 0.19779359 0.781398  ]
 [0.50402888 0.         0.21501566 0.79772745]
 [0.48980236 0.         0.23786313 0.82708324]
 [0.4951002  0.         0.21877494 0.81071178]
 [0.55567439 0.07036201 0.19926334 0.77439478]
 [0.39211752 0.         0.21554314 0.86526872]
 [0.43175651 0.06490553 0.24184531 0.71604839]
 [0.51294479 0.08715709 0.22824643 0.77029099]
 [0.3674163  0.01623881 0.34061504 0.70070731]
 [0.46492996 0.05336544 0.26985522 0.95286009]
 [0.48523025 0.         0.23555191 0.82534303]
 [0.60576656 0.00505147 0.0952645  0.62238113]
 [0.63357983 0.         0.07734664 0.75099717]
 [0.52864667 0.         0.19810557 0.79169404]
 [0.49517019 0.2805983  0.22642664 0.22840971]
 [0.48989359 0.         0.26383481 1.        ]
 [0.39592645 0.         0.26134508 0.80100645]
 [0.44934787 0.         0.29139879 0.7539028 ]
 [0.20736359 0.25533177 0.69757689 0.83345207]]
gBest
26.816276092530064
posGBest
[0.48523025 0.         0.23555191 0.82534303] corresponding parameters:[2.94092100e+07 1.00000000e-18 9.64886338e-19 4.30137212e-06]
##################################################
