1	213.74	24.459	171.14
2	214.22	24.352	171.21
3	214.87	24.668	170.7
4	336.65	31.005	2.1244
5	337.01	30.569	2.1433
6	337.07	30.66	2.0438
7	337.15	30.251	1.5956
8	337.15	30.36	1.8485
9	336.73	31.016	2.2278
10	336.77	30.501	2.4572
11	336.64	30.386	1.9116
12	337.06	30.745	1.7712
13	337.01	30.691	1.8136
14	336.89	30.757	2.1431
15	337.28	30.372	1.6339
16	336.83	30.827	1.9021
17	336.96	30.413	1.7085
18	337.02	30.628	1.6852
19	337.17	30.83	1.6
20	336.85	30.748	2.2438
21	336.86	30.626	2.2245
22	336.85	30.842	2.0656
23	336.4	30.606	2.0764
24	336.8	30.545	1.1635
25	336.61	30.531	1.8479
26	336.51	30.781	2.4553
27	253.14	43.873	110.25
28	253.28	42.875	110.65
29	255.42	43.757	109.18
30	205.84	39.396	147.37
31	204.17	39.344	148.41
32	204.19	39.254	148.0
33	203.53	39.522	148.7
34	204.98	39.429	147.53
35	204.77	39.429	147.96
36	203.32	39.15	148.68
37	204.8	39.572	147.75
38	204.89	39.527	147.67
39	204.99	39.615	147.86
40	203.47	39.493	148.44
41	104.84	22.85	276.48
42	204.93	39.569	147.82
43	104.52	22.633	276.45
44	103.49	22.768	277.23
45	105.31	22.664	276.24
46	104.91	22.743	276.28
47	105.73	22.878	275.59
48	104.35	22.477	276.71
49	104.44	23.401	276.68
50	104.63	23.378	276.46
51	104.21	23.902	276.61
52	104.47	23.317	276.2
53	105.21	23.25	275.71
54	105.33	23.307	275.6
55	104.84	23.321	276.04
56	104.96	23.259	275.95
57	105.0	23.112	275.78
58	103.9	23.329	276.8
59	104.8	23.325	276.13
60	103.53	23.843	277.02
61	104.55	22.941	276.91
62	104.36	23.299	276.54
63	105.15	23.455	275.93
64	105.21	23.359	275.57
65	105.23	22.744	275.29
66	16.54	44.129	301.82
67	15.973	43.948	301.77
68	16.682	44.152	301.18
69	15.692	44.493	302.29
70	237.33	53.492	152.17
71	236.74	53.163	152.88
72	236.88	52.675	152.08
73	169.29	27.716	154.6
74	328.57	17.846	1.8992
75	327.55	18.172	3.7416
76	328.19	17.849	2.2544
77	326.9	18.079	4.6703
78	328.1	17.97	2.8856
79	326.73	17.349	4.6191
80	328.24	18.418	2.8184
81	328.12	17.935	3.0432
82	328.33	17.7	3.0758
83	328.15	17.968	2.8711
84	329.55	17.739	1.0883
85	327.98	18.069	3.3904
86	327.55	18.188	3.7592
87	327.27	18.045	4.1173
88	328.08	17.997	3.3488
89	328.83	18.133	2.5952
90	327.85	17.865	3.0108
91	328.39	16.987	2.6249
92	327.57	17.726	3.5201
93	327.54	17.916	3.8634
94	328.05	18.004	3.0689
95	329.43	17.889	1.8858
96	327.9	17.994	3.5314
97	328.02	18.021	3.6117
98	327.69	17.62	3.3531
99	329.87	17.459	1.197
100	329.17	17.896	1.738
101	329.71	17.787	1.6193
102	327.87	17.875	3.0854
103	328.72	18.361	2.5152
104	285.38	34.408	106.84
105	328.39	17.794	2.2177
106	328.39	17.794	2.2177
107	75.99	14.273	266.13
108	74.593	14.256	267.57
109	74.458	14.507	268.05
110	76.515	14.27	265.82
111	75.286	14.521	266.67
112	75.806	14.431	266.24
113	75.647	13.903	267.1
114	75.706	13.913	266.95
115	74.023	13.594	268.82
116	74.639	14.661	267.59
117	311.89	40.413	25.528
118	233.02	53.669	146.24
119	233.81	53.429	145.13
120	232.95	53.453	145.54
121	231.99	53.47	146.02
122	232.26	52.698	146.18
123	233.07	52.73	145.89
124	232.68	52.417	145.61
125	233.52	53.537	145.43
126	233.38	53.523	145.66
127	233.67	53.658	145.5
128	234.06	53.932	144.91
129	233.83	52.857	144.7
130	233.95	54.084	145.28
131	102.41	31.404	234.27
132	102.81	29.646	235.25
133	102.3	30.801	234.73
134	102.31	30.892	235.47
135	102.26	30.661	235.43
136	103.31	30.1	234.79
137	103.43	29.848	234.35
138	101.36	30.111	235.69
139	103.08	30.139	235.23
140	103.11	30.619	234.69
141	101.85	30.223	235.84
142	103.17	30.175	234.84
143	102.42	30.131	234.89
144	340.25	24.969	27.352
145	339.37	25.05	28.994
146	340.2	24.948	27.714
147	339.45	25.256	29.161
148	338.81	25.208	29.799
149	337.57	25.642	31.592
150	339.36	25.251	29.081
151	339.0	25.346	29.696
152	340.29	25.435	28.04
153	338.91	25.109	29.845
154	339.66	24.822	28.732
155	339.31	25.053	29.142
156	339.9	25.425	28.578
157	100.75	30.639	236.34
158	102.7	29.958	234.92
159	102.64	30.381	235.1
160	103.16	29.812	234.62
161	102.48	29.856	235.13
162	101.32	29.897	235.07
163	103.66	29.774	234.29
164	103.15	30.299	234.64
165	103.45	29.784	234.29
166	102.59	30.275	234.75
167	103.22	29.987	234.78
168	102.57	30.242	235.15
169	102.96	30.01	235.17
170	103.05	29.842	234.86
171	103.47	29.462	234.72
172	103.03	31.332	233.98
173	100.56	30.683	235.9
174	102.9	29.945	234.83
175	101.56	30.297	235.52
176	103.73	29.767	234.11
177	103.09	29.747	234.8
178	103.1	30.379	234.19
179	102.79	30.028	234.78
180	102.82	30.213	234.88
181	100.59	30.211	236.36
182	102.81	29.886	235.39
183	100.68	30.295	236.53
184	101.64	30.343	235.79
185	103.14	29.914	235.06
186	103.43	29.579	234.27
187	103.93	29.999	234.56
188	101.57	30.931	235.62
189	102.79	30.095	234.96
190	102.34	30.278	235.57
191	101.23	31.075	236.03
192	102.72	29.813	235.23
193	102.9	29.635	235.36
194	100.4	30.821	236.2
195	101.9	30.176	235.79
196	102.85	29.478	234.88
197	103.19	29.864	234.89
198	190.74	40.842	195.4
199	189.41	40.939	196.21
200	189.25	40.978	196.34
201	189.26	40.892	196.36
202	189.66	41.024	195.57
203	189.23	40.82	196.39
204	189.49	41.079	195.7
205	189.44	40.995	195.83
206	189.18	41.1	196.04
207	189.62	40.928	195.87
208	189.0	40.938	196.04
209	189.48	41.086	195.85
210	189.46	41.1	195.96
211	189.96	40.817	195.61
212	189.1	40.839	196.47
213	189.23	40.933	196.14
214	188.73	41.136	196.44
215	188.85	40.722	196.07
216	189.15	41.049	196.19
217	189.82	41.027	195.84
218	189.74	40.66	195.83
219	190.26	41.005	195.68
220	189.26	41.095	196.11
221	189.89	41.149	196.04
222	190.87	41.114	195.16
223	103.27	29.449	234.98
224	103.1	29.981	235.0
225	102.33	30.238	235.42
226	102.22	29.762	235.75
227	102.68	30.152	235.15
228	102.65	29.835	235.13
229	101.82	29.659	235.64
230	103.01	29.601	234.82
231	103.97	29.735	233.77
232	100.58	30.283	235.82
233	273.9	33.826	87.336
234	273.73	33.458	87.199
235	273.78	33.797	87.245
236	273.93	33.525	86.859
237	273.08	33.69	87.557
238	273.99	33.591	87.235
239	274.32	33.714	86.58
240	273.77	33.901	87.145
241	274.02	34.01	87.428
242	273.46	33.668	87.309
243	273.53	33.462	87.403
244	273.82	33.807	87.013
245	273.28	33.777	87.693
246	273.25	33.427	87.579
247	188.94	40.942	196.37
248	188.48	40.744	196.56
249	189.37	41.042	195.33
250	188.65	41.034	196.13
251	188.95	41.192	196.03
252	189.14	41.218	195.99
253	189.27	41.137	195.66
254	188.89	40.997	196.15
255	189.38	40.967	195.57
256	188.9	41.093	196.19
257	189.05	40.903	196.37
258	189.2	40.964	195.94
259	189.9	41.015	195.26
260	189.29	40.906	196.25
261	189.79	40.872	195.49
262	189.33	41.095	195.74
263	188.87	40.999	196.0
264	189.48	41.101	195.64
265	189.13	40.963	195.76
266	188.69	40.982	196.43
267	188.5	41.094	196.68
268	272.94	33.887	88.276
269	273.59	34.063	87.548
270	274.16	33.773	86.859
271	273.69	33.526	87.159
272	274.11	33.581	87.042
273	274.47	33.718	86.869
274	274.37	33.837	86.844
275	274.31	33.363	86.589
276	274.31	33.363	86.589
277	262.61	35.517	94.347
278	263.38	35.948	93.769
279	263.3	36.636	94.161
280	262.39	35.891	94.432
281	263.57	36.646	93.698
282	263.7	36.423	93.664
283	263.81	36.537	93.772
284	262.69	36.353	93.998
285	264.02	36.517	93.386
286	262.55	35.707	94.274
287	262.54	36.108	94.174
288	263.57	36.468	93.64
289	263.22	36.178	93.48
290	263.53	36.097	93.664
291	263.33	36.751	93.866
292	263.79	36.307	93.513
293	263.47	36.192	93.637
294	263.55	36.552	93.897
295	263.72	35.974	93.474
296	263.96	36.406	93.947
297	263.44	36.365	93.662
298	263.85	36.664	93.527
299	263.22	36.636	94.173
300	263.6	36.586	93.933
301	263.26	36.616	94.141
302	263.94	36.638	93.258
303	263.19	36.347	93.874
304	264.07	36.587	93.655
305	262.9	36.413	94.169
306	263.07	36.108	93.654
307	264.39	36.384	93.147
308	264.32	36.195	92.669
309	263.02	36.582	93.835
310	263.81	36.578	93.749
311	262.7	36.234	94.314
312	263.78	36.316	93.585
313	263.96	36.102	93.137
314	263.39	36.717	94.02
315	262.48	36.241	94.318
316	263.43	36.287	94.144
317	262.75	36.486	94.266
318	263.74	36.275	93.919
319	263.44	36.141	93.564
320	263.38	36.148	93.726
321	263.09	36.405	93.624
322	263.23	36.405	93.934
323	263.51	36.425	93.784
324	263.17	36.244	93.481
325	263.95	36.436	93.215
326	263.66	36.68	93.429
327	263.91	35.833	92.941
328	263.82	36.554	93.607
329	263.55	36.63	94.029
330	262.75	36.486	94.266
331	263.17	35.649	92.908
332	263.41	36.009	93.312
333	263.3	36.231	93.684
334	263.39	36.3	93.759
335	262.56	36.323	94.274
336	263.19	35.966	93.967
337	263.47	36.112	93.756
338	263.08	36.407	93.995
339	345.72	40.352	348.6
340	345.93	40.921	347.83
341	346.12	40.491	347.39
342	345.47	40.94	348.03
343	345.89	40.572	347.5
344	346.0	40.503	347.47
345	345.91	40.83	347.95
346	346.03	40.714	347.46
347	263.72	36.721	93.39
348	263.77	36.176	93.187
349	263.34	36.753	93.922
350	264.06	36.612	93.12
351	264.0	36.515	92.883
352	262.77	36.52	94.36
353	263.67	36.615	93.546
354	263.43	36.477	93.756
355	263.53	36.821	93.568
356	261.77	35.878	94.453
357	263.41	36.22	93.537
358	263.29	36.557	93.641
359	263.22	36.428	93.939
360	263.73	36.768	93.971
361	263.18	36.21	93.61
362	263.26	36.616	94.141
363	264.11	36.554	93.136
364	262.85	36.248	93.971
365	263.4	36.338	93.508
366	262.8	36.492	94.021
367	263.32	35.979	93.367
368	263.25	36.49	93.878
369	263.81	36.578	93.706
370	263.13	36.096	93.381
371	263.44	36.502	93.558
372	263.39	36.218	93.32
373	263.49	36.652	94.096
374	263.27	36.453	93.421
375	264.27	36.265	93.053
376	262.79	35.916	93.573
377	263.56	36.455	93.385
378	263.7	36.459	93.251
379	262.79	36.588	93.773
380	263.44	36.0	93.359
381	263.18	36.221	93.369
382	264.11	36.35	92.806
383	263.21	36.095	93.579
384	263.44	36.236	93.298
385	263.26	36.243	93.986
386	264.03	36.384	93.074
387	264.27	36.414	92.789
388	262.65	35.843	93.549
389	154.14	23.47	247.92
390	154.42	23.519	248.27
391	153.01	22.936	248.65
392	153.22	23.313	249.21
393	154.13	23.273	248.06
394	154.04	22.712	248.55
395	154.09	23.258	248.61
396	153.88	23.402	248.27
397	155.03	23.192	248.14
398	154.2	23.125	247.65
399	153.88	23.067	248.12
400	155.23	23.615	247.29
401	153.67	23.091	248.21
402	154.01	24.015	248.12
403	154.46	22.922	247.76
404	153.81	23.358	247.62
405	152.63	23.838	249.43
406	154.56	22.977	247.6
407	154.0	22.776	248.21
408	262.94	36.818	94.142
409	154.78	23.141	247.75
410	263.48	36.723	93.686
411	263.1	37.384	94.182
412	263.23	36.771	94.051
413	263.3	36.49	93.977
414	263.96	36.813	93.207
415	264.13	36.456	93.366
416	263.15	36.846	93.619
417	263.71	37.075	93.425
418	263.69	36.952	93.382
419	263.49	36.687	93.438
420	264.0	37.054	93.187
421	263.12	37.179	94.348
422	263.83	37.091	93.228
423	263.37	36.655	93.674
424	345.28	41.517	348.06
425	345.26	40.626	348.14
426	344.86	40.524	348.65
427	345.42	41.552	348.43
428	344.86	40.252	348.38
429	344.5	40.661	349.14
430	345.35	40.75	347.99
431	345.81	40.232	347.67
432	345.57	40.497	348.28
433	345.29	40.485	348.74
434	345.55	40.386	348.1
435	344.74	40.159	348.32
436	345.19	40.575	348.39
437	345.53	40.428	347.99
438	345.94	40.279	347.72
439	344.79	40.46	348.23
440	345.34	40.288	348.15
441	345.19	40.535	348.73
442	345.57	40.512	348.14
443	345.19	40.498	348.21
444	344.88	40.555	348.45
445	345.24	40.798	348.6
446	344.51	40.534	348.92
447	344.74	40.463	348.34
448	345.37	40.678	348.25
449	345.23	40.514	348.17
450	345.23	40.693	348.82
451	345.78	40.29	347.44
452	345.34	40.451	348.49
453	345.15	40.584	348.59
454	345.36	40.531	348.21
455	344.85	40.543	348.41
456	345.36	40.804	348.04
457	345.63	40.481	347.89
458	345.6	40.428	347.81
459	344.92	40.554	347.64
460	344.82	40.365	349.51
461	344.46	40.778	347.84
462	345.12	40.724	348.67
463	345.33	40.812	348.6
464	344.72	40.703	347.92
465	345.13	40.555	348.2
466	345.14	40.58	348.35
467	344.86	40.507	348.09
468	345.08	40.276	348.7
469	345.75	41.087	348.05
470	344.77	40.511	348.07
471	344.75	40.455	348.67
472	344.86	40.609	348.6
473	345.67	40.763	348.27
474	344.09	40.665	348.84
475	345.01	40.575	348.25
476	299.04	22.617	54.517
477	299.92	22.739	54.084
478	300.84	23.456	54.558
479	299.95	23.023	55.227
480	299.62	23.233	55.237
481	300.3	22.916	54.563
482	300.17	23.232	55.029
483	300.12	22.835	54.464
484	300.41	22.95	54.447
485	299.62	23.076	54.884
486	300.37	23.358	54.496
487	301.8	23.131	53.006
488	299.8	22.839	53.961
489	104.34	25.739	214.56
490	300.41	23.025	55.062
491	299.89	23.094	54.54
492	299.55	22.893	55.007
493	102.78	25.51	215.8
494	105.0	25.222	214.53
495	105.47	25.448	213.68
496	104.02	25.002	215.36
497	104.17	25.606	214.78
498	105.31	25.31	214.53
499	103.96	26.134	214.93
500	105.68	25.36	214.01
501	104.57	25.648	214.83
502	105.45	25.121	213.88
503	104.95	25.023	215.0
504	105.72	25.462	213.52
505	103.84	25.324	214.66
506	105.54	24.882	214.46
507	107.36	24.427	212.95
508	104.05	25.679	215.24
509	103.62	25.546	215.12
510	106.64	24.415	214.22
511	104.09	25.067	214.65
512	105.5	24.916	213.49
513	104.06	25.645	214.62
514	105.16	24.843	214.3
515	105.75	24.841	214.15
516	107.0	24.684	213.1
517	104.46	25.613	214.88
518	105.57	24.954	214.25
519	104.44	25.189	215.09
520	104.78	25.014	215.01
521	106.09	24.998	213.44
522	104.66	25.134	214.82
523	105.72	24.267	213.86
524	104.54	25.298	214.84
525	106.1	24.628	213.34
526	105.51	25.144	214.59
527	106.13	25.178	213.37
528	104.2	25.755	214.81
529	105.39	24.46	214.63
530	104.1	25.386	214.32
531	104.34	25.689	215.09
532	103.3	26.007	215.09
533	104.66	25.554	214.29
534	106.66	24.52	213.25
535	104.33	25.056	214.72
536	103.74	25.603	214.88
537	105.78	25.012	213.18
538	105.92	24.975	213.51
539	105.5	24.89	213.79
540	103.36	25.574	215.16
541	106.05	24.79	213.68
542	105.16	25.271	214.3
543	105.41	24.413	213.37
544	104.78	25.418	214.35
545	104.82	25.49	214.58
546	105.46	24.979	213.9
547	105.83	24.925	214.07
548	104.64	25.521	214.73
549	104.28	25.463	214.5
550	105.88	25.186	213.7
551	105.2	24.991	214.2
552	105.73	24.936	213.89
553	104.65	25.197	214.79
554	105.88	24.431	213.52
555	104.73	24.964	215.08
556	104.32	25.225	214.37
557	103.32	25.375	215.11
558	104.69	25.066	214.88
559	104.41	25.424	214.67
560	105.33	24.845	214.14
561	104.86	25.34	214.41
562	105.31	24.723	214.03
563	104.61	25.282	214.56
564	104.77	25.163	214.26
565	105.24	25.223	214.13
566	105.16	24.734	213.92
567	104.97	24.94	214.43
568	104.91	25.308	214.44
569	105.38	25.405	213.59
570	103.82	25.355	215.2
571	105.47	24.504	214.06
572	104.31	25.277	214.81
573	103.17	25.36	215.17
574	104.64	25.452	214.51
575	105.68	25.122	214.24
576	106.17	24.671	213.57
577	105.03	24.854	213.66
578	106.26	24.494	213.45
579	105.48	25.271	213.95
580	104.72	25.112	214.52
581	105.55	24.879	213.54
582	104.89	25.313	213.93
583	103.93	25.05	215.3
584	105.22	24.956	214.44
585	105.4	25.462	213.73
586	105.32	24.968	213.95
587	105.57	25.073	213.61
588	104.53	25.692	214.55
589	10.567	40.216	352.68
590	10.371	40.615	352.96
591	10.08	40.352	352.99
592	10.464	40.549	352.71
593	10.887	40.916	352.96
594	10.616	40.548	353.33
595	10.531	40.723	353.37
596	10.002	40.398	353.66
597	10.491	40.632	353.39
598	10.99	40.719	352.46
599	9.3068	40.434	353.65
600	9.5534	40.58	353.59
601	10.374	40.902	351.72
602	10.741	40.424	352.66
603	9.8543	40.854	353.71
604	10.531	40.616	352.56
605	10.612	40.512	352.32
606	10.638	40.629	352.98
607	9.9282	40.666	353.67
608	10.021	40.588	353.45
609	9.5258	40.491	353.58
610	10.02	40.584	353.75
611	10.824	40.927	353.93
612	9.6179	40.771	353.61
613	10.509	40.715	353.71
614	10.226	40.746	353.8
615	10.282	41.126	353.14
616	10.103	40.88	353.4
617	9.8342	40.777	353.31
618	9.6572	40.587	353.37
619	10.158	40.49	353.32
620	10.073	40.829	353.48
621	106.39	23.711	213.36
622	106.13	24.77	213.44
623	104.3	24.922	214.31
624	104.3	25.557	214.27
625	104.49	24.497	214.93
626	105.75	24.703	213.69
627	106.38	24.961	212.8
628	105.98	24.684	213.4
629	105.23	24.85	214.23
630	104.38	25.226	214.12
631	104.53	24.6	213.81
632	104.53	25.192	214.01
633	104.29	25.17	214.1
634	105.93	24.615	212.49
635	104.62	24.619	214.54
636	106.24	24.198	213.61
637	105.41	24.801	213.96
638	291.18	38.815	93.769
639	289.94	38.846	94.704
640	290.56	38.889	94.445
641	291.19	39.052	93.878
642	290.16	38.857	94.392
643	291.11	38.814	94.148
644	291.01	39.013	93.835
645	291.37	39.166	93.83
646	291.71	39.456	93.808
647	290.12	38.945	95.157
648	291.69	39.092	93.893
649	291.29	39.546	94.022
650	292.01	39.849	94.091
651	291.62	39.916	93.952
652	290.79	39.097	94.639
653	291.92	39.309	93.886
654	292.01	39.98	94.566
655	291.48	39.522	94.032
656	291.36	39.316	93.878
657	291.09	40.258	95.252
658	292.23	39.161	93.277
659	290.64	39.389	94.627
660	291.3	39.334	93.836
661	291.3	39.155	93.933
662	290.74	39.497	94.641
663	291.24	39.3	94.354
664	291.11	39.493	94.303
665	291.04	39.385	93.786
666	291.06	39.079	93.94
667	290.98	39.222	94.171
668	291.67	39.42	94.192
669	290.52	38.834	94.553
670	291.09	39.072	94.496
671	290.8	38.922	93.598
672	291.34	39.152	94.345
673	290.21	39.03	94.518
674	291.19	39.089	94.078
675	291.57	39.325	93.904
676	290.76	39.333	94.551
677	291.09	39.173	94.21
678	290.72	39.212	94.35
679	291.18	39.333	94.647
680	292.15	39.627	93.769
681	290.93	39.213	94.349
682	290.47	39.512	94.834
683	291.51	39.386	94.38
684	291.24	39.219	94.45
685	291.42	39.109	93.884
686	50.317	44.562	350.73
687	50.549	44.392	350.92
688	50.574	44.289	350.86
689	50.297	44.307	350.99
690	50.442	44.385	350.71
691	50.448	44.777	350.19
692	50.321	44.376	350.97
693	50.411	44.135	350.94
694	214.39	24.653	170.94
695	214.06	24.862	171.47
696	214.59	24.743	170.75
697	336.7	30.606	2.6556
698	336.53	30.946	2.5036
699	336.96	30.383	2.1667
700	336.88	30.31	2.0401
701	336.85	30.876	1.953
702	337.37	30.454	1.5945
703	337.08	30.595	1.9515
704	336.96	30.529	1.8932
705	336.78	30.872	2.2224
706	336.61	30.598	2.8633
707	336.85	30.793	1.946
708	336.97	31.057	2.1282
709	336.64	30.715	2.4925
710	337.1	30.701	1.8894
711	336.86	30.906	1.7844
712	336.37	30.912	2.8254
713	336.69	31.099	2.4275
714	336.85	30.774	2.09
715	337.03	30.738	1.9789
716	336.53	30.749	1.7405
717	335.94	30.868	2.6597
718	106.02	22.548	275.14
719	106.47	22.492	275.16
720	337.12	30.812	1.8359
721	106.15	23.457	274.86
722	205.39	39.183	147.08
723	205.01	39.18	147.51
724	204.78	39.677	147.62
725	204.2	39.358	148.08
726	203.73	39.209	148.64
727	204.76	39.488	147.82
728	204.96	39.498	147.5
729	205.1	39.145	147.49
730	204.74	39.573	147.84
731	204.64	39.182	147.78
732	205.1	39.709	147.82
733	204.76	39.514	147.66
734	204.53	39.303	148.07
735	204.7	39.379	147.75
736	104.51	23.209	276.73
737	204.62	39.441	147.97
738	105.08	23.235	275.67
739	104.23	23.257	276.62
740	105.48	23.428	275.51
741	105.68	23.156	275.09
742	103.67	23.309	277.04
743	104.91	23.204	276.13
744	105.05	23.203	276.21
745	105.24	23.407	275.72
746	104.17	23.636	276.64
747	105.0	23.188	275.88
748	104.76	23.292	276.21
749	103.82	23.427	276.86
750	104.61	23.351	276.3
751	104.4	23.166	276.72
752	103.81	23.268	276.79
753	106.67	23.248	274.36
754	104.45	23.071	276.65
755	105.42	23.285	275.27
756	104.95	22.863	276.28
757	106.27	22.655	275.01
758	105.59	22.86	275.36
759	170.96	27.763	153.57
760	236.64	52.994	153.22
761	237.35	53.279	152.37
762	16.216	44.11	301.21
763	16.757	44.269	301.83
764	15.94	44.576	301.99
765	171.81	28.484	152.31
766	171.81	28.484	152.31
767	327.66	17.461	3.7219
768	328.92	17.903	2.1704
769	328.38	17.77	3.0081
770	328.76	17.839	1.9538
771	328.1	17.558	2.7249
772	328.63	17.732	2.5086
773	329.34	17.629	1.5193
774	328.12	18.053	3.2007
775	327.82	17.854	3.3592
776	328.2	17.616	2.2813
777	328.86	17.766	1.8954
778	327.88	17.924	3.8422
779	327.52	17.683	3.533
780	328.18	18.055	3.0467
781	328.04	18.133	2.762
782	329.48	17.953	1.6123
783	328.53	17.815	3.0147
784	328.2	18.024	3.105
785	327.79	17.711	3.5353
786	327.49	18.095	4.1934
787	328.42	17.606	3.0996
788	327.66	18.242	3.3941
789	328.68	18.045	2.6108
790	327.12	17.516	4.672
791	329.29	17.357	2.121
792	327.61	17.895	4.0117
793	329.55	17.588	1.5769
794	327.16	18.105	3.9491
795	328.52	17.938	2.4158
796	328.08	17.215	3.405
797	328.02	17.441	2.8111
798	329.85	17.716	1.26
799	329.85	17.716	1.26
800	76.07	14.077	266.35
801	75.156	13.601	267.47
802	73.624	14.003	268.52
803	76.178	14.053	267.14
804	75.954	14.282	266.31
805	74.741	13.741	268.53
806	73.787	15.132	267.54
807	75.938	14.137	266.36
808	75.561	13.942	267.33
809	76.328	14.857	265.75
810	76.328	14.857	265.75
811	232.5	52.645	145.9
812	233.48	52.507	145.59
813	232.94	53.301	145.79
814	233.79	53.684	144.96
815	232.71	52.349	145.65
816	234.0	53.525	145.03
817	234.08	53.35	144.8
818	234.19	54.066	144.62
819	232.67	52.49	145.38
820	233.75	53.497	145.67
821	232.17	52.743	146.76
822	232.17	52.743	146.76
823	103.18	29.981	234.83
824	101.52	29.727	236.06
825	101.05	30.424	235.79
826	100.39	30.758	236.11
827	103.33	29.981	234.89
828	100.97	30.402	236.41
829	101.87	30.183	235.24
830	100.3	31.423	237.09
831	102.42	30.108	235.32
832	102.31	30.591	234.57
833	102.68	30.212	235.26
834	102.04	30.223	236.25
835	102.47	30.276	235.1
836	339.61	25.216	28.999
837	102.52	30.015	235.09
838	339.67	25.13	29.189
839	339.99	25.135	28.812
840	339.39	25.369	29.228
841	339.11	25.256	29.39
842	338.82	25.128	29.067
843	339.24	24.985	29.138
844	338.98	25.431	29.907
845	339.16	25.329	29.435
846	340.34	25.416	28.053
847	339.05	25.251	29.308
848	339.4	25.072	29.648
849	339.97	25.183	28.682
850	339.08	25.136	29.386
851	340.48	25.511	28.288
852	103.42	29.532	234.29
853	102.33	30.541	234.83
854	102.31	30.06	235.41
855	103.03	30.037	235.02
856	102.26	30.469	234.44
857	102.88	30.449	234.65
858	103.47	29.558	234.22
859	102.13	30.203	234.72
860	101.33	30.379	235.42
861	101.7	30.134	235.28
862	102.27	30.247	235.59
863	101.02	30.953	235.56
864	100.5	30.603	236.49
865	102.91	30.078	234.8
866	102.74	30.422	234.97
867	102.95	30.247	234.83
868	101.48	30.077	235.19
869	102.85	30.312	234.59
870	102.88	30.185	235.12
871	102.83	29.877	235.18
872	101.64	30.532	235.73
873	103.64	29.825	234.81
874	103.49	29.551	234.48
875	101.4	30.4	235.89
876	101.94	30.581	236.03
877	103.33	29.829	234.73
878	102.02	30.314	235.79
879	102.78	30.015	235.12
880	103.58	29.742	234.47
881	102.73	29.411	235.02
882	103.03	29.941	234.83
883	103.74	29.809	234.36
884	102.4	29.684	235.25
885	102.93	30.095	235.06
886	103.16	29.811	234.94
887	102.51	29.966	234.58
888	101.82	30.513	236.18
889	102.96	29.862	235.15
890	102.7	30.103	235.65
891	189.88	40.989	195.87
892	190.09	41.101	195.72
893	189.69	41.123	195.8
894	189.42	40.933	195.99
895	190.01	41.025	195.67
896	188.91	41.067	196.37
897	189.28	40.916	196.27
898	189.41	40.973	195.87
899	189.31	41.054	195.99
900	189.37	40.919	195.93
901	189.55	41.027	195.79
902	189.48	40.937	195.93
903	189.81	40.747	195.93
904	189.1	40.933	196.2
905	189.15	40.876	195.9
906	190.92	40.761	195.08
907	189.8	40.78	195.74
908	189.23	40.709	196.1
909	189.47	41.038	196.2
910	189.16	40.522	196.35
911	189.9	40.806	195.73
912	190.23	41.099	195.29
913	189.94	40.836	195.61
914	190.73	40.833	195.34
915	190.0	41.108	195.49
916	103.86	29.541	233.97
917	190.53	40.914	195.2
918	102.65	29.79	235.49
919	102.07	30.094	235.98
920	102.52	30.178	234.6
921	101.4	30.709	235.68
922	101.4	30.709	235.68
923	103.14	29.615	234.74
924	102.79	29.399	234.94
925	274.4	33.794	87.263
926	273.54	33.612	87.144
927	274.39	33.96	87.051
928	273.78	33.797	87.245
929	273.27	33.679	87.502
930	273.57	33.514	87.316
931	274.48	33.561	86.791
932	274.03	33.562	87.162
933	273.78	33.395	87.171
934	274.27	33.419	86.75
935	274.09	33.592	87.109
936	274.44	33.824	87.208
937	273.93	33.946	87.015
938	189.14	40.762	196.06
939	188.64	40.969	196.39
940	189.17	41.023	195.7
941	189.47	41.15	195.51
942	188.66	40.814	196.19
943	189.06	40.956	196.04
944	189.47	40.855	195.68
945	188.85	41.125	196.12
946	189.32	41.041	195.72
947	189.67	41.165	195.8
948	189.48	40.732	195.68
949	189.42	41.07	195.71
950	189.91	40.69	195.38
951	190.4	41.003	195.1
952	188.82	40.996	196.09
953	189.05	40.832	196.14
954	189.05	41.038	195.87
955	189.31	40.893	196.04
956	189.75	40.869	195.36
957	188.98	41.203	196.17
958	189.03	41.087	196.16
959	189.02	40.982	195.9
960	189.02	41.104	196.08
961	273.73	33.894	87.341
962	274.18	33.81	86.96
963	273.73	33.458	87.199
964	273.95	33.578	87.21
965	274.11	33.581	87.042
966	274.14	33.645	87.117
967	274.36	34.152	87.447
968	274.27	33.456	86.694
969	273.42	32.765	86.831
970	263.61	36.694	93.514
971	262.76	35.843	94.132
972	263.18	36.211	93.903
973	263.22	36.09	93.953
974	262.83	36.066	94.119
975	263.51	36.454	94.273
976	263.41	36.359	93.819
977	263.73	35.972	93.272
978	263.03	36.428	94.043
979	262.78	36.212	94.307
980	262.73	36.521	94.351
981	263.42	36.648	93.948
982	263.05	36.255	93.821
983	262.51	36.451	94.636
984	263.98	36.432	93.628
985	263.74	36.524	93.915
986	263.75	36.411	93.604
987	264.23	36.124	93.124
988	263.13	36.616	93.797
989	263.34	36.383	93.731
990	263.03	36.135	93.956
991	262.88	36.349	94.243
992	263.54	36.599	93.721
993	263.45	36.382	93.962
994	263.29	36.35	93.419
995	262.83	36.358	94.165
996	263.33	36.404	94.301
997	262.53	36.513	94.522
998	263.77	36.445	94.115
999	264.11	36.389	92.996
1000	263.0	36.136	93.898
1001	262.77	36.556	94.414
1002	263.69	36.159	93.388
1003	262.3	36.298	94.465
1004	263.09	36.166	93.993
1005	263.37	36.872	94.067
1006	263.1	36.514	94.159
1007	263.1	36.237	94.454
1008	262.99	36.122	93.687
1009	263.23	36.321	93.73
1010	262.5	36.33	94.261
1011	262.84	36.55	94.254
1012	263.98	36.456	93.285
1013	263.11	36.434	93.802
1014	263.4	36.566	93.797
1015	262.8	36.271	94.106
1016	264.16	36.279	93.44
1017	263.54	36.472	93.975
1018	263.56	36.783	93.557
1019	263.47	36.339	93.579
1020	263.32	36.393	94.008
1021	262.77	36.529	94.156
1022	263.27	36.345	93.402
1023	262.9	36.284	94.106
1024	263.13	36.569	93.916
1025	263.8	36.429	93.996
1026	262.49	36.272	94.056
1027	264.09	36.241	93.283
1028	263.06	36.265	94.086
1029	262.55	36.272	94.15
1030	262.62	36.648	94.193
1031	263.58	35.897	93.447
1032	263.5	36.356	93.745
1033	346.15	40.666	347.4
1034	346.26	40.475	347.5
1035	345.67	40.656	347.82
1036	345.73	40.733	348.18
1037	346.24	40.678	347.42
1038	263.99	35.899	93.533
1039	345.67	40.847	347.42
1040	262.23	36.828	94.62
1041	263.9	36.693	93.351
1042	262.45	36.629	94.342
1043	263.69	36.586	93.423
1044	263.28	36.64	93.834
1045	263.41	36.628	93.826
1046	263.19	35.725	93.46
1047	263.44	36.458	93.951
1048	262.42	35.811	93.956
1049	263.35	36.103	93.596
1050	263.48	36.553	94.078
1051	263.06	36.643	94.082
1052	263.68	36.464	94.025
1053	262.91	36.805	93.9
1054	263.27	36.744	93.897
1055	262.73	36.136	93.841
1056	263.42	36.337	93.671
1057	263.54	36.453	93.99
1058	264.14	36.676	93.033
1059	262.95	36.192	93.926
1060	263.41	36.758	94.106
1061	263.84	36.687	93.33
1062	263.88	36.524	93.663
1063	262.32	35.986	94.042
1064	264.34	36.262	93.065
1065	263.5	36.103	93.5
1066	263.32	36.543	93.748
1067	263.14	36.228	93.336
1068	262.43	35.948	94.219
1069	263.7	36.574	93.738
1070	263.79	36.239	93.262
1071	263.57	36.864	93.66
1072	263.15	36.624	94.532
1073	263.71	35.849	93.468
1074	264.12	36.137	92.91
1075	264.05	35.97	92.871
1076	264.28	36.17	92.767
1077	262.85	35.997	93.399
1078	263.3	36.302	93.716
1079	263.73	36.565	94.34
1080	263.91	36.123	93.126
1081	263.31	36.224	93.16
1082	263.22	36.567	93.076
1083	153.49	23.495	248.34
1084	154.81	23.179	247.56
1085	153.4	23.145	248.28
1086	154.37	23.594	248.04
1087	155.39	23.37	247.8
1088	154.63	23.212	247.49
1089	154.21	23.014	247.38
1090	153.29	23.33	248.52
1091	155.44	23.361	247.47
1092	153.75	23.09	248.21
1093	155.74	23.14	246.8
1094	154.16	23.019	248.32
1095	154.25	22.709	247.77
1096	156.04	22.748	246.23
1097	152.94	22.914	249.07
1098	153.71	23.264	248.12
1099	156.06	23.422	246.29
1100	154.37	23.232	247.95
1101	154.99	23.15	247.18
1102	153.55	23.166	248.71
1103	263.37	37.083	94.236
1104	262.79	36.369	93.961
1105	262.84	36.724	93.628
1106	262.84	36.361	93.632
1107	263.14	37.103	94.078
1108	264.16	36.659	93.19
1109	262.75	36.202	94.325
1110	263.99	36.569	93.324
1111	263.31	36.474	93.734
1112	263.63	36.529	93.796
1113	263.01	36.011	93.585
1114	261.91	36.274	94.729
1115	263.62	36.324	93.099
1116	345.64	40.482	347.73
1117	345.07	40.754	347.45
1118	344.88	40.737	348.46
1119	344.97	40.668	349.02
1120	345.79	40.51	347.53
1121	344.75	40.563	348.18
1122	345.53	40.556	348.08
1123	345.64	40.863	347.6
1124	345.9	41.05	347.39
1125	344.95	40.584	348.55
1126	345.49	40.518	348.52
1127	345.03	40.453	348.93
1128	344.56	40.572	348.67
1129	345.06	40.494	348.31
1130	345.41	40.336	347.84
1131	344.89	40.425	347.63
1132	345.25	40.509	348.7
1133	345.06	40.518	348.4
1134	345.18	40.829	347.93
1135	345.92	40.892	348.2
1136	345.34	40.578	348.1
1137	344.81	40.532	348.53
1138	345.55	40.836	348.59
1139	345.14	40.713	348.73
1140	345.14	40.649	348.21
1141	344.75	40.492	348.06
1142	345.14	40.407	348.33
1143	344.82	40.357	348.65
1144	344.99	40.16	347.9
1145	344.77	40.573	348.26
1146	345.04	40.417	348.38
1147	345.46	40.861	348.64
1148	345.01	40.499	348.57
1149	344.92	40.453	348.35
1150	345.53	40.592	348.04
1151	345.17	40.412	348.34
1152	345.01	40.375	348.26
1153	344.87	40.363	348.38
1154	344.71	40.61	348.93
1155	344.84	40.723	347.98
1156	344.84	40.689	348.49
1157	344.94	40.525	348.46
1158	344.41	40.574	348.49
1159	345.45	40.572	348.02
1160	345.75	40.892	347.76
1161	345.34	40.4	348.54
1162	345.16	40.625	348.16
1163	344.56	40.466	348.46
1164	344.78	40.477	348.26
1165	344.98	40.338	348.47
1166	345.15	40.48	347.98
1167	345.34	40.662	348.01
1168	300.52	22.951	54.456
1169	300.02	22.788	54.494
1170	300.66	23.428	54.416
1171	300.84	23.131	53.767
1172	299.63	23.143	54.938
1173	301.08	22.983	53.686
1174	299.49	22.645	55.041
1175	299.85	23.328	54.844
1176	300.56	23.32	54.751
1177	299.73	23.121	54.472
1178	300.32	23.259	54.622
1179	300.03	22.812	54.665
1180	300.18	23.718	55.98
1181	300.18	23.298	54.793
1182	301.55	23.177	53.534
1183	300.74	22.625	53.596
1184	105.22	25.504	213.73
1185	104.9	25.353	214.03
1186	104.67	25.766	214.96
1187	105.13	25.476	214.75
1188	106.38	24.966	213.68
1189	105.72	25.034	213.94
1190	104.85	25.643	213.83
1191	106.0	24.896	213.48
1192	104.07	25.256	214.47
1193	104.81	25.629	214.26
1194	105.67	25.02	214.02
1195	105.14	25.341	213.54
1196	105.09	25.554	214.43
1197	104.55	25.147	214.83
1198	103.52	25.374	215.04
1199	105.37	25.092	214.13
1200	106.56	25.064	213.09
1201	104.04	25.694	215.24
1202	103.89	25.389	215.06
1203	105.12	25.243	214.23
1204	103.73	26.027	214.92
1205	105.38	24.74	215.27
1206	105.52	25.217	214.12
1207	103.71	25.678	214.82
1208	103.2	25.53	215.67
1209	105.46	25.066	214.08
1210	106.12	24.488	214.21
1211	104.84	25.445	214.41
1212	107.39	24.241	213.05
1213	106.85	24.917	213.03
1214	106.15	24.342	213.16
1215	104.2	25.512	214.26
1216	104.06	25.346	215.0
1217	104.55	25.726	214.23
1218	104.75	25.274	215.11
1219	103.81	25.228	214.81
1220	103.7	25.681	214.94
1221	106.01	25.239	213.59
1222	103.98	25.626	214.75
1223	104.56	25.625	213.98
1224	104.66	25.089	214.56
1225	106.99	25.506	212.72
1226	105.7	25.151	213.63
1227	103.23	25.59	215.21
1228	104.9	25.688	214.01
1229	105.72	25.079	214.37
1230	104.38	25.553	214.32
1231	106.37	25.0	213.42
1232	105.08	25.285	214.2
1233	103.72	25.692	214.72
1234	105.66	25.053	213.4
1235	106.48	24.809	212.9
1236	104.9	24.709	214.52
1237	104.54	25.338	214.39
1238	103.65	25.69	214.86
1239	104.46	25.454	214.41
1240	103.98	25.322	214.38
1241	106.1	24.546	214.02
1242	105.17	24.738	214.35
1243	104.45	25.675	215.11
1244	104.07	25.256	214.47
1245	104.68	25.284	214.48
1246	104.94	25.08	214.2
1247	105.61	25.01	214.14
1248	104.34	25.452	215.03
1249	106.11	24.822	213.35
1250	104.41	24.892	214.27
1251	104.75	25.046	213.92
1252	104.97	25.156	214.22
1253	103.49	25.45	215.02
1254	106.32	24.994	213.2
1255	105.71	25.01	213.33
1256	105.76	24.852	213.13
1257	105.02	25.033	214.52
1258	105.55	24.758	214.05
1259	105.46	24.784	214.14
1260	106.0	24.877	213.56
1261	105.31	24.982	214.39
1262	104.57	25.493	214.28
1263	104.92	25.603	213.72
1264	105.31	24.882	213.52
1265	103.66	25.555	214.98
1266	105.94	24.981	213.65
1267	103.03	25.46	215.62
1268	106.5	24.796	213.32
1269	104.63	25.365	214.08
1270	104.5	25.35	214.22
1271	105.96	25.01	213.53
1272	104.58	25.029	214.23
1273	104.65	24.915	214.59
1274	105.49	24.946	213.96
1275	104.1	25.241	214.19
1276	104.46	25.454	214.41
1277	106.06	24.444	214.09
1278	104.52	25.181	214.19
1279	103.53	25.564	214.95
1280	105.78	24.629	214.12
1281	106.16	24.559	213.71
1282	10.514	40.859	353.38
1283	10.47	40.926	352.26
1284	10.036	40.559	353.97
1285	10.263	40.735	352.46
1286	10.774	40.896	352.22
1287	9.9289	40.948	352.92
1288	10.839	40.63	352.61
1289	9.8254	40.833	353.05
1290	10.291	41.092	352.75
1291	10.526	40.73	353.66
1292	11.112	40.693	352.63
1293	10.612	40.569	352.18
1294	12.901	39.335	349.67
1295	10.03	40.499	353.65
1296	10.379	40.832	352.76
1297	10.582	40.681	352.84
1298	11.17	40.87	351.8
1299	10.931	40.319	351.8
1300	10.342	40.836	353.01
1301	10.482	40.926	353.17
1302	9.9424	41.145	353.28
1303	9.7718	40.967	353.39
1304	10.068	40.838	352.77
1305	10.547	40.953	353.18
1306	10.483	40.49	353.89
1307	10.416	40.351	353.31
1308	10.407	40.443	353.58
1309	10.236	40.303	352.69
1310	10.205	40.608	353.76
1311	10.257	40.601	353.23
1312	9.9715	40.902	353.55
1313	10.375	40.58	353.55
1314	104.74	24.975	214.06
1315	105.62	24.824	213.55
1316	105.85	24.554	214.08
1317	105.76	24.665	213.98
1318	105.83	24.9	213.68
1319	105.49	24.348	214.07
1320	104.74	25.209	214.25
1321	105.25	24.883	213.94
1322	105.04	25.099	214.08
1323	105.84	24.182	214.34
1324	105.47	24.584	214.03
1325	104.8	24.909	214.19
1326	104.87	24.819	214.51
1327	105.35	24.958	213.74
1328	104.62	25.432	214.13
1329	105.07	24.397	214.04
1330	105.57	24.576	214.1
1331	289.99	38.843	94.638
1332	290.55	39.051	94.408
1333	290.32	39.127	94.756
1334	291.16	39.27	94.199
1335	290.63	39.354	94.519
1336	291.57	39.38	94.359
1337	290.76	39.391	94.425
1338	291.67	39.221	94.105
1339	291.76	39.203	94.443
1340	291.1	39.26	94.13
1341	291.5	39.61	94.252
1342	290.83	38.96	94.04
1343	291.12	39.816	94.48
1344	291.82	39.273	93.915
1345	290.85	39.01	94.337
1346	290.55	39.215	94.59
1347	290.66	38.906	94.768
1348	291.63	39.727	93.899
1349	291.5	40.016	94.376
1350	291.0	38.951	93.993
1351	291.6	39.353	94.294
1352	290.9	39.332	94.471
1353	291.21	39.63	93.667
1354	291.41	39.399	94.385
1355	291.67	39.403	93.619
1356	290.16	39.057	94.618
1357	290.64	38.647	94.507
1358	291.89	39.516	94.461
1359	291.53	39.148	93.764
1360	291.13	38.914	94.085
1361	290.94	39.754	94.882
1362	291.33	39.153	94.474
1363	291.65	39.369	94.207
1364	290.91	39.305	94.005
1365	291.52	39.752	93.827
1366	290.44	39.047	94.302
1367	290.02	39.445	95.353
1368	291.15	39.181	93.904
1369	291.62	39.256	94.183
1370	290.81	39.608	95.244
1371	291.35	39.54	94.102
1372	291.39	39.307	94.632
1373	290.4	39.06	94.709
1374	291.44	39.38	94.318
1375	291.44	39.214	94.599
1376	290.71	39.245	94.773
1377	290.58	39.313	94.82
1378	50.64	44.526	350.82
1379	49.877	44.928	351.12
1380	50.208	44.856	350.74
1381	50.229	44.505	350.41
1382	50.875	44.535	350.59
1383	50.234	44.509	350.86
1384	50.241	44.836	350.04
1385	50.367	44.522	350.87
1386	50.083	44.552	350.58
1387	215.03	24.573	170.63
1388	214.75	24.864	170.94
1389	215.02	24.815	170.88
1390	336.52	31.077	2.4845
1391	336.61	30.561	2.2362
1392	337.07	30.654	1.5768
1393	336.98	30.679	1.63
1394	337.09	30.958	2.2007
1395	337.02	30.684	1.7193
1396	337.08	30.787	1.8871
1397	336.93	30.782	1.9696
1398	336.78	30.725	1.9446
1399	336.99	30.627	2.2666
1400	336.7	30.911	2.4198
1401	336.63	30.938	2.1534
1402	336.85	30.489	1.8787
1403	336.5	30.877	2.3681
1404	336.44	30.998	2.2028
1405	336.7	30.474	2.0211
1406	336.46	31.184	2.4939
1407	336.73	30.773	2.1295
1408	336.44	30.469	2.3524
1409	337.18	31.015	1.7773
1410	335.8	30.39	2.669
1411	335.92	30.307	2.5296
1412	106.0	23.019	275.28
1413	105.84	22.882	275.52
1414	202.97	38.619	148.35
1415	203.27	39.018	148.79
1416	204.77	39.334	147.75
1417	204.43	39.388	148.0
1418	204.22	39.35	148.11
1419	204.92	39.415	147.67
1420	204.69	39.395	148.1
1421	205.32	39.592	147.6
1422	204.63	39.365	147.71
1423	204.54	39.349	147.99
1424	204.92	39.189	147.51
1425	205.71	39.722	147.31
1426	204.23	39.838	148.41
1427	204.68	39.3	147.7
1428	205.6	39.785	147.57
1429	203.93	39.694	148.28
1430	205.22	39.87	147.59
1431	205.6	39.749	147.54
1432	103.99	22.796	277.05
1433	104.44	22.666	276.61
1434	105.32	22.833	275.7
1435	104.07	22.96	276.98
1436	105.14	23.356	275.81
1437	103.98	23.376	276.76
1438	104.11	22.922	276.82
1439	104.97	23.407	276.11
1440	105.79	22.625	275.26
1441	105.52	23.143	275.31
1442	106.09	23.164	275.17
1443	105.25	23.396	275.79
1444	105.59	23.209	275.31
1445	105.17	23.252	275.72
1446	104.34	23.211	276.44
1447	103.61	23.259	277.08
1448	104.22	23.393	276.59
1449	104.93	23.253	275.63
1450	104.75	22.728	275.56
1451	15.823	44.529	302.29
1452	15.52	44.219	302.49
1453	16.22	44.257	302.0
1454	16.425	44.402	301.69
1455	16.444	44.181	301.72
1456	16.49	44.423	301.94
1457	16.755	44.51	301.41
1458	236.83	52.583	152.37
1459	169.84	27.764	154.28
1460	328.66	18.021	2.2278
1461	327.85	18.052	2.98
1462	326.11	17.346	4.899
1463	329.11	17.78	1.6366
1464	329.04	17.893	2.5015
1465	328.16	17.838	3.1738
1466	329.65	17.945	0.992
1467	329.76	17.823	1.0511
1468	327.88	17.98	3.3853
1469	327.79	18.036	3.266
1470	327.42	17.737	4.2243
1471	329.4	17.837	1.5469
1472	329.05	17.56	1.9186
1473	328.53	17.995	2.6778
1474	327.7	18.05	3.5522
1475	328.37	18.046	2.5434
1476	328.29	17.68	2.9096
1477	328.08	17.912	3.4368
1478	328.72	17.851	2.3162
1479	327.87	17.949	3.3586
1480	327.95	17.82	2.9072
1481	328.09	18.168	3.7568
1482	327.87	17.845	3.6678
1483	328.93	17.786	2.4966
1484	328.52	17.774	3.2468
1485	328.5	17.43	2.6736
1486	328.22	17.993	3.1296
1487	328.62	17.622	2.3691
1488	326.03	17.956	4.7456
1489	328.22	17.473	2.164
1490	327.97	17.343	2.7434
1491	329.41	17.434	2.0248
1492	329.59	17.957	1.4155
1493	325.12	18.309	6.3075
1494	325.12	18.309	6.3075
1495	325.12	18.309	6.3075
1496	76.601	14.529	265.4
1497	73.868	13.571	269.65
1498	77.068	14.334	265.3
1499	75.645	14.032	267.31
1500	77.634	13.937	266.05
1501	76.017	14.322	266.92
1502	73.951	13.587	270.36
1503	73.951	13.587	270.36
1504	73.951	13.587	270.36
1505	234.6	53.759	144.59
1506	232.6	51.837	145.14
1507	232.54	52.444	146.22
1508	232.66	52.079	145.25
1509	232.03	51.948	146.13
1510	234.49	52.844	144.86
1511	232.31	53.552	145.42
1512	234.46	53.574	144.75
1513	232.93	52.0	146.1
1514	102.09	30.13	236.28
1515	102.78	31.436	234.14
1516	103.41	29.943	234.61
1517	101.77	30.777	235.56
1518	101.72	30.25	235.52
1519	102.0	30.178	235.15
1520	103.21	29.779	235.07
1521	102.25	30.345	235.38
1522	103.67	30.234	234.45
1523	100.95	30.871	235.96
1524	102.43	30.076	235.17
1525	102.29	30.08	235.27
1526	100.57	30.823	236.76
1527	102.64	30.237	234.82
1528	339.95	25.191	29.077
1529	339.04	25.105	29.664
1530	339.94	25.169	28.301
1531	339.05	25.237	29.357
1532	340.21	25.131	27.739
1533	340.09	25.23	28.492
1534	339.24	25.218	29.134
1535	339.96	25.304	28.387
1536	339.67	25.068	28.721
1537	338.38	25.21	30.499
1538	339.84	25.274	29.152
1539	339.5	25.398	29.217
1540	340.38	25.304	28.339
1541	340.25	25.167	27.926
1542	339.07	24.974	29.014
1543	339.35	25.197	29.192
1544	102.1	30.678	235.06
1545	100.97	30.813	236.03
1546	100.12	30.755	236.09
1547	102.8	30.121	234.75
1548	102.4	29.996	235.15
1549	102.3	30.273	235.33
1550	102.38	30.085	235.15
1551	102.48	30.276	234.69
1552	100.75	30.548	236.43
1553	103.77	29.556	234.19
1554	102.86	29.89	234.98
1555	102.89	29.935	235.23
1556	101.57	29.849	235.42
1557	102.67	30.698	234.22
1558	102.98	29.827	234.7
1559	103.18	29.974	234.82
1560	101.09	30.42	236.22
1561	100.46	30.573	236.48
1562	100.01	30.671	236.83
1563	104.09	29.933	234.22
1564	103.06	29.537	234.76
1565	102.67	30.372	234.91
1566	102.24	30.317	235.73
1567	102.2	29.781	235.92
1568	101.17	31.015	235.85
1569	102.36	29.912	235.38
1570	102.3	30.207	235.2
1571	102.61	29.91	235.34
1572	101.18	30.612	235.57
1573	102.85	30.233	234.81
1574	102.5	30.501	235.0
1575	103.03	29.911	235.16
1576	103.06	30.068	235.12
1577	103.01	30.825	234.62
1578	103.72	30.021	234.37
1579	102.24	30.099	235.85
1580	103.29	29.769	234.52
1581	102.7	29.852	235.25
1582	101.8	30.166	235.5
1583	103.24	29.952	234.94
1584	190.3	41.088	195.66
1585	190.73	41.221	195.47
1586	189.84	40.809	196.01
1587	191.02	40.89	195.24
1588	189.82	40.822	195.57
1589	189.66	41.167	195.82
1590	188.82	40.961	196.3
1591	189.7	40.547	196.27
1592	189.3	41.108	195.95
1593	189.75	40.674	196.11
1594	190.1	40.751	195.38
1595	189.97	40.836	195.65
1596	189.66	40.776	195.97
1597	189.38	41.143	195.83
1598	189.38	40.844	195.87
1599	189.83	40.62	195.86
1600	189.18	41.04	196.26
1601	188.87	40.923	196.24
1602	189.82	40.98	195.66
1603	189.04	41.174	196.09
1604	189.3	40.997	195.94
1605	189.84	41.01	195.45
1606	189.72	40.685	195.73
1607	189.38	41.03	196.29
1608	103.12	29.685	234.64
1609	190.69	40.604	195.21
1610	190.23	40.994	195.63
1611	102.96	30.027	234.94
1612	190.14	40.524	196.45
1613	102.66	29.849	234.92
1614	103.08	29.66	234.86
1615	103.06	29.571	234.79
1616	101.57	29.933	236.17
1617	102.16	29.424	235.28
1618	273.81	34.162	87.213
1619	273.99	33.553	86.804
1620	273.29	33.405	87.71
1621	273.96	33.651	87.093
1622	273.64	33.561	87.248
1623	273.84	33.286	87.123
1624	273.97	33.785	87.053
1625	273.64	33.561	87.248
1626	273.79	33.469	87.111
1627	274.29	33.588	86.906
1628	273.44	33.514	87.442
1629	273.47	33.661	87.301
1630	273.71	33.765	87.308
1631	188.61	40.888	196.25
1632	189.22	41.082	195.59
1633	189.26	40.709	195.56
1634	188.93	41.078	196.14
1635	189.06	40.806	195.75
1636	189.7	41.323	195.52
1637	189.09	41.06	196.07
1638	188.56	41.155	196.48
1639	189.02	41.002	196.22
1640	188.95	41.067	196.13
1641	189.26	41.002	195.96
1642	189.33	41.045	195.91
1643	189.67	41.149	195.38
1644	188.85	41.12	196.16
1645	189.45	41.066	195.64
1646	189.47	41.15	195.51
1647	189.15	40.932	195.69
1648	189.34	40.956	195.87
1649	189.05	41.105	196.18
1650	189.37	41.045	195.9
1651	188.94	41.02	196.03
1652	189.41	41.048	195.65
1653	273.92	33.569	87.276
1654	273.86	33.577	87.015
1655	273.24	33.739	87.552
1656	273.8	33.882	87.117
1657	274.09	33.592	87.109
1658	274.44	33.911	87.301
1659	273.91	33.576	87.062
1660	274.58	34.105	87.192
1661	274.58	33.73	86.935
1662	260.88	34.812	94.351
1663	262.96	36.733	94.018
1664	262.54	36.244	94.24
1665	263.36	35.811	93.445
1666	263.78	36.539	93.366
1667	263.72	36.407	93.451
1668	263.06	36.474	93.901
1669	263.54	36.536	93.803
1670	262.66	36.383	94.532
1671	263.53	36.496	94.38
1672	263.1	36.188	94.155
1673	263.06	36.538	93.935
1674	263.41	36.802	93.951
1675	264.47	36.364	93.097
1676	263.85	36.436	93.407
1677	262.8	36.277	94.649
1678	263.74	36.101	93.548
1679	264.1	36.491	93.095
1680	263.35	36.022	93.901
1681	263.59	36.596	93.802
1682	262.42	35.84	94.253
1683	263.35	36.459	93.943
1684	263.19	36.098	93.987
1685	263.47	36.407	94.057
1686	263.61	36.479	94.015
1687	262.78	36.212	94.307
1688	263.14	36.481	93.94
1689	263.96	36.423	93.317
1690	262.67	36.025	94.256
1691	263.0	36.346	93.825
1692	262.58	36.39	94.48
1693	263.09	36.638	94.325
1694	263.56	36.33	93.507
1695	263.1	36.78	94.087
1696	262.2	36.091	94.062
1697	263.07	36.437	93.758
1698	264.49	36.326	93.094
1699	264.03	36.37	93.134
1700	263.91	36.334	93.143
1701	263.12	36.129	93.707
1702	262.98	35.971	93.739
1703	263.24	36.729	94.217
1704	263.79	36.554	93.544
1705	262.75	36.486	94.266
1706	263.74	36.528	94.059
1707	263.71	36.418	93.486
1708	262.97	36.111	93.703
1709	263.82	36.509	93.855
1710	262.86	36.086	94.141
1711	263.25	36.644	94.16
1712	263.36	36.532	93.832
1713	264.33	36.068	92.825
1714	263.0	36.006	93.656
1715	262.9	36.413	94.169
1716	263.54	36.759	93.55
1717	263.95	35.821	92.926
1718	263.51	36.332	93.738
1719	262.81	36.241	93.952
1720	263.15	36.176	93.891
1721	264.06	36.383	93.039
1722	262.55	36.533	95.065
1723	263.05	36.125	93.613
1724	263.16	35.643	93.443
1725	262.86	36.273	94.451
1726	345.87	40.312	347.17
1727	346.2	41.086	347.2
1728	345.22	40.866	347.92
1729	345.67	40.781	347.42
1730	345.64	40.538	347.81
1731	346.08	40.361	347.44
1732	263.79	36.839	93.384
1733	346.23	41.31	347.38
1734	262.79	36.269	93.943
1735	263.7	36.607	93.713
1736	263.49	36.104	93.563
1737	263.61	36.619	93.563
1738	263.53	36.575	93.608
1739	263.73	36.733	93.394
1740	263.19	36.698	93.788
1741	263.43	36.741	93.781
1742	263.33	36.498	93.654
1743	262.51	36.33	94.231
1744	263.2	36.234	93.809
1745	263.82	36.11	93.243
1746	264.04	36.513	93.324
1747	263.55	36.274	93.868
1748	262.8	35.913	94.051
1749	262.97	36.49	93.934
1750	264.27	36.457	93.469
1751	263.72	36.531	93.291
1752	263.12	36.467	93.892
1753	263.34	36.064	93.668
1754	263.51	36.627	93.284
1755	263.09	36.457	93.913
1756	263.32	36.47	93.851
1757	263.69	36.695	93.488
1758	263.7	36.321	92.904
1759	263.15	35.607	93.849
1760	264.15	36.693	93.292
1761	262.95	35.978	93.573
1762	263.47	36.507	93.63
1763	264.52	36.588	92.961
1764	262.53	36.457	93.641
1765	263.32	36.661	93.94
1766	263.55	36.702	93.717
1767	264.19	36.657	93.155
1768	264.18	36.525	93.157
1769	264.14	36.702	93.351
1770	263.0	36.442	93.265
1771	263.91	36.667	93.434
1772	263.59	36.604	93.629
1773	264.48	36.36	92.528
1774	263.2	36.277	94.328
1775	155.25	23.938	247.24
1776	155.1	23.193	247.59
1777	154.35	23.006	247.7
1778	154.64	23.154	248.13
1779	152.24	22.837	249.32
1780	154.18	23.07	248.14
1781	154.29	23.357	248.05
1782	154.41	23.237	248.32
1783	152.69	22.978	249.18
1784	154.25	23.048	247.71
1785	154.29	23.464	248.18
1786	154.27	23.379	248.0
1787	153.05	23.666	249.05
1788	154.62	23.589	248.01
1789	155.08	22.904	247.6
1790	153.77	23.094	248.01
1791	154.09	23.192	247.49
1792	153.46	23.275	249.22
1793	154.46	23.194	247.99
1794	155.31	23.035	246.66
1795	155.33	23.831	248.11
1796	154.69	23.158	247.35
1797	262.56	37.04	94.303
1798	263.14	36.75	94.143
1799	263.76	36.758	93.841
1800	262.86	36.326	93.747
1801	263.81	36.135	92.894
1802	263.54	36.956	93.61
1803	262.0	36.97	94.9
1804	262.72	36.364	93.819
1805	263.37	36.29	93.448
1806	263.69	36.275	93.1
1807	263.05	36.681	93.796
1808	344.66	40.547	348.56
1809	345.76	40.431	347.5
1810	346.0	40.713	347.25
1811	345.27	40.325	348.38
1812	345.46	40.535	347.48
1813	345.51	40.807	347.49
1814	345.85	40.737	348.0
1815	345.47	40.538	348.35
1816	345.66	40.576	348.3
1817	345.26	40.728	348.51
1818	345.68	40.81	347.86
1819	344.94	40.187	347.7
1820	345.16	40.495	347.98
1821	345.36	40.621	348.07
1822	345.38	40.501	348.22
1823	344.23	40.461	348.65
1824	345.61	40.663	347.87
1825	345.29	40.386	348.58
1826	344.77	40.687	348.59
1827	345.48	40.577	348.15
1828	344.85	40.763	349.33
1829	345.09	40.751	348.04
1830	345.17	40.852	348.64
1831	345.07	40.657	348.14
1832	345.05	40.461	348.03
1833	345.13	40.986	348.19
1834	345.03	40.39	348.56
1835	345.15	40.504	348.18
1836	345.32	40.55	348.14
1837	344.86	40.783	349.26
1838	344.92	40.701	348.02
1839	344.57	40.144	348.41
1840	345.13	40.468	348.5
1841	345.49	40.803	347.59
1842	345.95	40.974	348.12
1843	344.41	40.34	348.52
1844	345.43	40.187	347.99
1845	345.21	40.755	348.19
1846	344.88	40.121	348.51
1847	344.98	40.628	348.0
1848	344.81	40.572	348.15
1849	344.95	40.615	348.19
1850	345.24	40.35	348.6
1851	345.12	40.512	348.91
1852	345.03	40.816	348.35
1853	344.98	40.533	348.13
1854	345.8	40.993	348.42
1855	344.76	40.306	348.63
1856	344.92	40.744	348.7
1857	345.25	40.593	348.62
1858	344.63	40.455	349.11
1859	344.9	40.514	347.43
1860	344.61	40.794	348.58
1861	301.56	23.1	52.698
1862	299.91	22.827	54.596
1863	299.09	23.766	55.87
1864	300.45	23.523	55.01
1865	299.73	23.393	55.292
1866	300.22	23.3	54.473
1867	299.72	23.163	55.307
1868	301.27	23.473	54.278
1869	299.16	22.854	54.707
1870	301.54	22.932	53.769
1871	301.74	23.401	52.899
1872	299.7	22.975	55.211
1873	299.18	22.961	55.908
1874	299.06	23.315	56.015
1875	106.04	24.837	213.91
1876	106.45	25.26	213.33
1877	299.95	22.774	54.09
1878	106.42	25.291	213.33
1879	104.5	25.422	214.81
1880	105.31	25.07	214.57
1881	105.17	24.904	214.48
1882	104.27	25.649	215.19
1883	104.74	24.728	214.89
1884	103.99	25.542	215.24
1885	103.66	25.345	214.93
1886	105.05	25.61	214.47
1887	104.91	25.245	214.44
1888	105.25	25.186	214.65
1889	105.27	25.104	214.68
1890	105.59	24.842	214.21
1891	105.22	25.148	214.17
1892	103.2	25.53	215.67
1893	104.53	25.166	214.77
1894	104.72	25.273	214.38
1895	103.75	25.651	214.99
1896	104.81	25.312	215.02
1897	104.1	25.497	215.03
1898	104.8	25.307	214.44
1899	104.98	25.081	214.59
1900	104.33	25.685	214.62
1901	105.62	25.138	213.77
1902	106.6	24.675	213.65
1903	106.03	24.792	214.48
1904	106.14	24.756	213.89
1905	104.23	25.588	214.47
1906	103.95	25.664	214.65
1907	103.53	25.446	214.87
1908	104.79	25.462	214.45
1909	105.26	25.351	214.3
1910	103.95	25.492	214.97
1911	105.25	24.68	214.64
1912	106.16	24.994	213.59
1913	105.68	24.794	214.22
1914	300.1	23.904	56.041
1915	106.04	24.933	213.01
1916	107.5	25.095	212.06
1917	104.2	25.61	214.53
1918	104.73	25.454	214.4
1919	105.56	25.113	214.29
1920	104.17	24.37	215.37
1921	104.35	25.281	214.51
1922	105.3	25.573	213.84
1923	105.69	24.869	214.01
1924	102.75	25.689	215.53
1925	106.06	24.494	214.17
1926	106.14	24.685	213.8
1927	104.66	25.119	215.17
1928	105.29	25.241	213.63
1929	106.71	24.519	213.42
1930	105.31	25.114	214.19
1931	106.12	24.98	213.87
1932	105.7	24.909	213.89
1933	103.87	25.245	215.13
1934	104.84	24.883	214.52
1935	106.06	24.8	214.22
1936	104.63	25.661	214.05
1937	104.14	25.624	214.87
1938	105.82	25.041	213.84
1939	104.94	25.301	214.43
1940	105.18	25.059	213.89
1941	105.67	25.038	213.63
1942	103.98	25.395	214.71
1943	106.94	24.406	213.5
1944	105.56	25.207	213.69
1945	106.02	24.284	213.9
1946	105.04	25.261	214.05
1947	105.47	24.97	214.2
1948	103.79	25.372	214.81
1949	105.06	25.142	214.15
1950	104.91	25.159	214.28
1951	103.98	25.395	214.71
1952	104.18	25.591	215.11
1953	106.17	24.985	213.21
1954	106.43	24.772	213.6
1955	104.73	24.854	214.26
1956	103.73	25.638	214.87
1957	105.16	24.993	213.76
1958	104.51	25.486	214.42
1959	105.34	24.582	213.32
1960	105.11	25.029	214.03
1961	104.54	25.941	214.27
1962	106.03	24.611	214.57
1963	105.24	25.002	213.53
1964	105.22	25.538	213.95
1965	106.44	24.267	212.74
1966	104.82	25.282	214.16
1967	105.04	24.943	214.28
1968	106.96	24.671	213.11
1969	105.76	24.672	213.55
1970	104.81	25.134	214.63
1971	105.44	25.111	213.42
1972	104.46	25.454	214.39
1973	106.45	24.723	213.09
1974	9.8281	40.54	353.83
1975	10.587	40.285	352.95
1976	9.8679	40.68	353.93
1977	10.583	40.735	353.16
1978	9.9628	40.83	353.51
1979	10.826	40.581	352.94
1980	10.446	40.827	353.0
1981	10.95	40.631	353.28
1982	10.239	40.614	353.0
1983	9.9829	41.097	352.96
1984	10.755	40.276	353.83
1985	9.5685	40.476	353.14
1986	10.258	40.583	351.79
1987	10.099	41.111	353.21
1988	9.5821	40.821	353.92
1989	10.561	40.87	352.71
1990	9.9256	40.711	353.66
1991	10.603	40.912	353.31
1992	10.393	40.691	353.49
1993	10.612	40.725	353.14
1994	10.265	40.996	352.77
1995	10.108	40.325	351.95
1996	10.2	40.633	353.73
1997	10.703	40.421	353.54
1998	10.513	40.673	352.84
1999	10.599	40.706	352.88
2000	10.403	40.708	353.89
2001	10.69	40.968	353.16
2002	9.7256	40.788	353.88
2003	9.6655	40.705	353.23
2004	10.816	40.606	352.11
2005	9.8615	40.468	353.92
2006	9.9313	40.315	353.67
2007	9.9997	40.806	353.68
2008	105.36	24.374	214.22
2009	105.15	24.635	213.89
2010	105.31	25.155	213.56
2011	104.66	24.962	214.15
2012	106.04	24.263	214.32
2013	104.73	25.287	213.89
2014	105.85	24.695	213.61
2015	105.58	25.109	213.58
2016	105.34	24.669	214.35
2017	104.51	25.057	214.33
2018	105.65	24.437	214.08
2019	105.23	25.017	213.89
2020	106.1	24.11	213.85
2021	106.17	24.719	213.34
2022	105.84	24.564	213.47
2023	105.46	24.551	214.31
2024	290.21	39.104	94.605
2025	290.78	38.796	94.051
2026	290.93	39.447	94.986
2027	291.02	38.814	94.124
2028	291.24	38.823	93.761
2029	290.7	39.599	94.556
2030	291.63	39.282	93.795
2031	291.46	39.205	94.48
2032	290.68	39.571	95.188
2033	290.63	39.141	94.567
2034	291.42	39.413	93.977
2035	290.83	39.404	94.285
2036	290.77	38.848	94.341
2037	291.39	39.305	94.588
2038	291.57	39.379	94.056
2039	291.24	39.127	93.915
2040	292.06	39.756	93.897
2041	291.22	39.34	93.78
2042	291.43	39.36	94.293
2043	291.47	38.916	93.844
2044	291.26	39.208	93.866
2045	291.45	39.273	94.27
2046	291.49	39.186	94.338
2047	291.49	39.171	94.634
2048	291.18	39.319	93.982
2049	290.32	39.141	94.314
2050	290.56	39.124	94.401
2051	291.42	39.107	94.466
2052	290.89	39.209	94.254
2053	290.58	39.244	94.186
2054	291.02	39.139	94.578
2055	290.78	39.277	94.324
2056	290.94	39.335	94.242
2057	291.6	39.239	94.306
2058	291.25	39.479	94.7
2059	291.41	39.336	94.005
2060	291.35	39.06	93.988
2061	290.65	39.047	94.547
2062	291.1	39.158	94.153
2063	291.5	39.348	93.789
2064	291.06	39.081	93.852
2065	290.36	38.911	94.26
2066	291.64	39.356	93.928
2067	291.26	39.174	94.072
2068	291.25	39.418	94.689
2069	290.87	39.333	94.472
2070	291.09	39.177	94.867
2071	50.721	44.411	350.44
2072	50.308	45.059	350.86
2073	50.484	44.555	350.65
2074	50.872	44.549	350.49
2075	50.553	44.843	350.69
2076	50.557	44.883	350.21
2077	50.792	44.548	350.85
2078	50.663	44.31	350.9
2079	50.549	44.557	350.57
2080	214.61	24.501	170.87
2081	214.44	24.628	171.16
2082	214.99	25.01	170.65
2083	337.11	31.046	1.8234
2084	336.73	31.22	2.0424
2085	336.84	30.639	2.014
2086	337.0	30.803	1.815
2087	336.66	30.934	2.4672
2088	337.05	30.876	1.9426
2089	336.44	30.733	2.5737
2090	336.72	30.489	2.0775
2091	336.98	30.925	2.0975
2092	336.67	30.859	2.0652
2093	336.68	30.725	2.1808
2094	337.08	30.779	1.6316
2095	337.45	30.757	1.3058
2096	336.53	30.841	2.3084
2097	337.28	30.431	1.6043
2098	336.7	30.775	1.9879
2099	336.85	30.401	2.4122
2100	337.16	30.456	1.7302
2101	336.66	30.524	1.7492
2102	336.51	30.565	2.3486
2103	336.54	30.502	2.6082
2104	336.62	31.15	2.8715
2105	105.87	22.458	275.77
2106	105.68	23.174	275.43
2107	104.98	22.757	276.17
2108	105.91	23.397	275.28
2109	203.85	38.918	148.19
2110	204.59	39.068	148.02
2111	205.23	39.432	147.57
2112	204.76	39.489	147.97
2113	204.74	39.49	147.99
2114	204.63	39.318	148.02
2115	204.72	39.371	147.71
2116	205.34	39.535	147.44
2117	204.83	39.599	147.59
2118	204.38	39.634	148.04
2119	204.75	39.452	147.79
2120	203.12	39.233	148.99
2121	203.07	39.389	148.75
2122	204.76	39.411	147.67
2123	203.86	39.448	148.34
2124	204.59	39.139	147.87
2125	104.38	23.008	276.3
2126	103.5	22.903	277.8
2127	104.03	22.803	277.14
2128	104.29	23.197	276.49
2129	105.61	23.119	275.61
2130	105.36	23.277	275.68
2131	104.17	23.019	276.96
2132	105.1	23.338	275.87
2133	104.21	23.537	276.73
2134	104.54	23.28	276.08
2135	104.9	23.381	276.14
2136	105.32	23.244	275.61
2137	105.32	22.69	275.75
2138	105.16	23.239	275.52
2139	105.25	23.505	275.52
2140	105.4	22.96	275.78
2141	105.33	23.106	275.36
2142	105.34	23.222	275.73
2143	105.46	22.989	274.94
2144	105.95	23.072	274.36
2145	16.388	44.001	301.1
2146	170.51	28.63	154.08
2147	16.184	43.961	301.42
2148	16.618	44.385	301.71
2149	236.99	53.413	152.48
2150	15.763	43.609	302.78
2151	17.526	43.654	300.65
2152	17.264	44.562	300.9
2153	327.88	18.364	2.6234
2154	327.59	18.382	3.0663
2155	328.54	18.077	2.01
2156	328.61	18.158	2.2001
2157	327.75	17.79	3.0498
2158	328.82	17.805	2.3557
2159	328.78	17.705	2.5619
2160	327.88	17.764	3.4331
2161	329.19	18.174	2.002
2162	327.49	18.137	3.6509
2163	327.83	17.782	3.9688
2164	328.49	18.105	2.2987
2165	329.18	17.5	1.8395
2166	328.09	18.131	3.4439
2167	327.91	18.383	3.5616
2168	328.16	17.98	2.7794
2169	328.57	17.937	2.1511
2170	328.68	17.526	2.4778
2171	327.86	17.918	3.1069
2172	328.0	17.789	2.5351
2173	328.0	17.671	3.2545
2174	327.54	18.021	3.9971
2175	329.37	17.847	1.5103
2176	328.86	18.2	2.5295
2177	327.84	17.919	3.2081
2178	328.02	17.947	3.558
2179	327.59	18.125	3.3628
2180	327.5	17.805	4.4092
2181	329.23	17.545	1.9638
2182	327.48	17.956	3.8243
2183	328.28	17.709	2.0988
2184	328.81	18.047	2.7144
2185	328.56	18.28	2.7629
2186	327.32	18.124	4.0271
2187	106.52	21.262	276.45
2188	329.32	17.447	0.8194
2189	326.79	17.473	4.5113
2190	75.494	14.305	266.4
2191	327.28	17.63	3.2891
2192	75.696	13.879	266.49
2193	75.696	13.879	266.49
2194	76.205	14.575	265.42
2195	76.205	14.575	265.42
2196	232.1	52.827	145.57
2197	234.28	53.657	144.92
2198	232.27	52.717	146.5
2199	232.55	52.734	146.13
2200	232.9	52.941	146.02
2201	232.75	52.245	145.7
2202	233.74	52.124	145.23
2203	233.59	53.714	145.67
2204	99.631	30.464	236.28
2205	99.802	31.57	236.65
2206	102.26	29.768	236.06
2207	102.26	29.768	236.06
2208	102.88	30.719	234.04
2209	102.08	30.02	235.49
2210	102.94	30.049	235.55
2211	102.68	30.494	234.41
2212	103.09	30.207	234.37
2213	102.79	30.09	235.1
2214	103.68	30.236	234.44
2215	102.29	30.399	235.28
2216	102.06	30.709	235.43
2217	101.57	30.844	236.05
2218	102.71	30.438	235.04
2219	102.7	30.348	235.14
2220	339.63	25.277	29.108
2221	339.28	25.063	29.315
2222	340.16	25.205	28.604
2223	339.24	25.224	29.386
2224	339.53	25.533	29.387
2225	341.03	25.39	26.826
2226	339.97	25.277	28.089
2227	339.22	25.226	29.187
2228	338.98	25.262	29.157
2229	340.25	25.456	28.218
2230	339.56	25.068	28.772
2231	339.13	25.25	29.077
2232	339.32	25.308	28.714
2233	339.56	25.302	29.425
2234	339.68	25.293	28.65
2235	340.76	24.976	27.352
2236	339.33	25.075	28.872
2237	341.12	25.478	27.281
2238	102.19	30.555	234.96
2239	102.75	29.844	235.11
2240	102.33	30.911	234.79
2241	103.16	29.814	235.0
2242	103.93	29.928	234.14
2243	102.44	29.788	235.72
2244	103.03	29.845	234.55
2245	101.56	30.13	235.15
2246	99.959	30.682	236.74
2247	103.61	29.606	234.46
2248	103.91	29.608	234.1
2249	101.63	30.266	235.95
2250	102.73	29.98	234.7
2251	102.49	29.522	235.44
2252	101.96	30.606	235.93
2253	102.46	30.184	234.79
2254	102.34	29.886	235.72
2255	101.6	30.534	235.98
2256	102.73	29.81	235.35
2257	101.63	29.774	235.59
2258	100.97	31.134	236.25
2259	102.15	29.811	235.66
2260	102.19	29.813	235.81
2261	102.24	30.214	235.84
2262	103.44	29.816	234.61
2263	101.91	30.84	235.01
2264	102.11	29.908	235.94
2265	102.69	29.705	235.43
2266	102.08	30.52	234.91
2267	104.1	29.519	233.94
2268	102.69	29.855	235.06
2269	102.4	29.873	235.39
2270	101.48	30.146	235.78
2271	100.52	31.178	236.08
2272	100.96	31.181	235.37
2273	102.13	29.72	235.04
2274	102.91	29.998	235.06
2275	103.91	29.783	234.06
2276	102.45	29.683	235.71
2277	189.8	41.129	195.85
2278	190.37	41.213	195.85
2279	190.21	41.168	195.75
2280	189.33	40.936	196.12
2281	189.27	41.01	196.25
2282	189.25	41.192	196.15
2283	190.05	40.849	195.52
2284	188.92	41.114	196.47
2285	188.94	41.109	196.37
2286	188.61	40.623	196.99
2287	189.23	40.966	196.01
2288	189.46	40.978	195.87
2289	189.43	40.785	196.09
2290	190.21	41.02	195.24
2291	189.48	41.007	195.86
2292	190.09	40.862	195.58
2293	189.31	41.038	196.06
2294	189.86	41.011	195.67
2295	189.63	41.089	195.82
2296	189.21	41.102	195.84
2297	189.44	41.088	195.35
2298	189.85	40.931	195.78
2299	189.49	41.136	196.06
2300	189.81	41.072	195.79
2301	190.86	40.627	195.29
2302	189.58	40.569	196.29
2303	190.51	41.075	195.49
2304	190.72	40.739	195.45
2305	191.04	40.747	195.49
2306	102.12	29.846	235.76
2307	102.06	30.388	235.7
2308	99.321	31.869	236.47
2309	102.05	30.322	235.64
2310	273.96	33.848	86.646
2311	274.11	33.832	86.632
2312	274.71	33.578	86.559
2313	273.61	33.646	87.286
2314	273.52	33.456	87.474
2315	273.64	33.739	87.035
2316	273.88	33.644	87.354
2317	274.3	33.672	86.827
2318	273.88	33.898	87.037
2319	274.11	33.999	87.105
2320	274.0	34.053	87.125
2321	273.82	33.475	87.35
2322	273.84	33.731	87.118
2323	189.13	40.913	196.07
2324	189.79	40.795	195.43
2325	189.22	41.099	195.62
2326	189.44	40.851	195.5
2327	189.71	40.851	195.84
2328	189.88	41.04	195.31
2329	189.26	41.056	195.81
2330	188.82	40.751	196.19
2331	189.46	40.963	195.45
2332	189.76	40.982	195.5
2333	189.24	41.062	196.03
2334	189.12	40.946	196.43
2335	189.14	40.897	195.93
2336	188.99	40.917	196.09
2337	188.87	40.999	196.0
2338	190.19	40.869	195.3
2339	189.2	41.011	196.12
2340	189.45	40.984	195.39
2341	189.37	40.992	195.96
2342	188.4	40.553	197.01
2343	188.79	40.984	196.19
2344	189.38	40.905	195.67
2345	188.99	40.961	195.86
2346	273.24	33.739	87.552
2347	273.32	33.514	87.649
2348	273.52	33.689	87.158
2349	274.16	33.887	86.983
2350	273.45	33.753	87.296
2351	274.75	34.206	87.121
2352	273.02	33.312	87.377
2353	274.22	34.432	87.476
2354	263.31	36.751	94.41
2355	263.28	36.202	93.614
2356	263.17	36.402	93.775
2357	262.68	35.983	94.216
2358	263.2	36.524	93.818
2359	264.02	36.295	93.269
2360	263.03	36.265	94.035
2361	263.46	36.331	93.631
2362	263.2	36.731	93.97
2363	263.96	36.423	93.317
2364	263.86	36.531	93.942
2365	263.06	36.538	93.935
2366	262.86	36.787	94.764
2367	263.02	36.52	93.918
2368	263.42	36.648	93.948
2369	264.02	36.188	92.943
2370	263.38	36.548	94.001
2371	263.72	36.029	93.216
2372	263.1	36.323	93.628
2373	263.49	36.75	93.875
2374	262.23	35.921	94.113
2375	262.86	36.203	93.897
2376	263.85	36.458	93.464
2377	263.47	36.476	94.261
2378	263.38	36.617	93.763
2379	263.82	36.445	93.65
2380	262.96	35.614	93.111
2381	263.33	36.276	93.982
2382	263.44	36.333	93.698
2383	263.8	36.269	93.147
2384	264.25	36.086	92.944
2385	263.2	36.674	94.202
2386	262.58	36.414	94.488
2387	263.87	36.347	93.527
2388	263.2	36.275	93.99
2389	264.41	36.265	93.065
2390	262.77	36.271	93.949
2391	262.34	35.62	94.05
2392	263.33	36.736	93.876
2393	262.73	36.259	94.3
2394	263.54	36.272	94.019
2395	263.57	36.646	93.698
2396	263.47	36.47	93.891
2397	263.43	36.411	93.687
2398	263.56	36.396	93.451
2399	263.73	36.429	93.95
2400	263.36	36.532	93.832
2401	263.98	36.456	93.285
2402	263.49	36.578	93.248
2403	262.85	36.043	93.999
2404	263.38	36.464	93.93
2405	263.44	36.319	93.252
2406	262.37	36.244	94.284
2407	263.95	35.835	93.057
2408	263.64	36.401	93.855
2409	263.4	36.49	93.582
2410	263.12	36.131	93.794
2411	263.16	35.995	93.784
2412	262.96	36.122	93.588
2413	263.53	36.317	93.773
2414	262.81	36.547	94.019
2415	263.53	36.907	94.024
2416	262.75	36.683	94.845
2417	263.92	35.959	93.272
2418	262.47	36.24	94.061
2419	263.78	36.529	93.551
2420	263.88	36.797	93.432
2421	346.04	40.28	347.09
2422	345.99	40.398	347.55
2423	345.82	41.043	347.28
2424	345.79	40.844	347.52
2425	263.61	36.84	93.844
2426	263.74	36.708	93.534
2427	263.38	36.891	93.912
2428	262.6	35.947	94.257
2429	263.41	36.232	93.747
2430	262.5	35.691	93.808
2431	263.34	37.0	93.812
2432	263.4	36.578	93.484
2433	263.12	36.646	93.937
2434	263.46	36.735	93.844
2435	264.19	36.567	93.201
2436	264.41	36.491	93.07
2437	263.88	36.63	93.433
2438	263.35	36.626	93.641
2439	262.94	36.206	93.917
2440	263.02	35.933	93.593
2441	262.67	35.955	94.355
2442	263.9	36.45	93.677
2443	263.12	36.646	93.907
2444	263.55	36.477	93.475
2445	262.14	36.466	94.326
2446	263.34	36.743	93.824
2447	263.5	36.549	93.71
2448	263.59	36.842	93.665
2449	263.67	36.435	93.711
2450	263.68	36.739	93.851
2451	264.01	36.773	93.513
2452	265.03	36.156	92.529
2453	262.95	36.135	93.471
2454	263.07	35.97	93.597
2455	263.19	36.499	93.829
2456	263.5	36.54	93.528
2457	263.61	36.085	93.436
2458	263.12	36.411	93.841
2459	263.95	36.589	93.436
2460	263.64	36.125	92.992
2461	262.62	36.593	93.812
2462	263.22	36.395	93.769
2463	264.02	36.606	93.13
2464	263.01	36.203	94.136
2465	263.32	36.565	94.101
2466	263.0	36.374	93.957
2467	262.68	35.811	93.969
2468	155.51	23.692	247.19
2469	153.74	23.245	248.05
2470	153.7	22.94	248.83
2471	154.06	23.069	248.14
2472	153.51	23.081	248.61
2473	154.98	23.129	247.2
2474	153.84	23.094	248.33
2475	153.68	23.199	248.33
2476	154.99	23.579	247.45
2477	153.95	23.531	248.17
2478	153.45	23.159	247.97
2479	154.55	23.363	247.99
2480	154.64	22.788	248.16
2481	154.13	23.384	247.84
2482	154.19	22.986	247.67
2483	153.88	22.926	248.32
2484	153.82	22.907	248.1
2485	154.73	23.41	247.77
2486	153.45	23.049	247.92
2487	155.68	23.611	247.0
2488	154.44	23.197	247.7
2489	153.72	23.047	248.27
2490	263.35	36.517	93.906
2491	263.91	37.108	93.558
2492	262.38	36.382	94.211
2493	263.05	36.765	94.196
2494	263.25	36.511	93.709
2495	263.89	36.801	93.191
2496	263.66	36.537	93.212
2497	263.64	36.885	93.585
2498	263.05	36.431	93.644
2499	263.09	37.401	93.861
2500	262.83	36.264	93.698